################
# [default parameters]
# 	{'NL': 40, 'NR': 2, 'GNL': 2e-4, 'GNR': 2e-4, 'GS': 1., 'wL': 1., 'wR': 1., 'lambdaL': 0.02, 'lambdaR': 0., 'QL': 1e5, 'QR': 1e5, 'TL': 5., 'TR': 0., 'muL': -1e3, 'muR': -1e3}
# [assignments]
# 	{'eLu': '_eps_', 'eLd': '_eps_', 'eRu': '_eps_', 'eRd': '_eps_', 'eps':'0.5*sqrt(_w_**2-2*_GS_**2)'}
# [variables]
#	[GS]
# [model version]
#	vMattiaChargevib_07_02_2019_01??
# [format]
#	['GS', 'IL', 'IR', 'nOscL', 'nOscR', 'ComBoseL', 'ComBoseR']
################
0.000000000000000000e+00	-3.890710803807447720e-107	0.000000000000000000e+00	4.503232558093348104e+00	1.986406218770974674e-01	9.970281089985435496e-01	6.027187562458051762e-01
2.828427124746190052e-03	1.106893600340193520e-05	1.106893600340193520e-05	3.407057422383553025e+00	5.000000000002042810e-01	9.993610610014512785e-01	-4.072706984891349621e-13
5.656854249492380103e-03	2.229660478076558912e-05	2.229660478076558912e-05	2.286924046544107636e+00	5.000000000001765255e-01	9.998436247891485662e-01	-3.575992850990711172e-13
8.485281374238569721e-03	2.868930990567722036e-05	2.868930990567722375e-05	1.648742284728662133e+00	5.000000000032737146e-01	9.999331220550291555e-01	-6.547813737914321645e-12
1.131370849898476021e-02	3.240831199830322245e-05	3.240831199830321568e-05	1.277892061249810585e+00	5.000000000006327161e-01	9.999611662795526712e-01	-1.267000181850913653e-12
1.414213562373095069e-02	3.470282121453319125e-05	3.470282121453320480e-05	1.049663581069190776e+00	5.000000000016969759e-01	9.999731404646580168e-01	-3.393823390139752761e-12
1.697056274847713944e-02	3.619661686796794468e-05	3.619661686796795823e-05	9.017290428397838342e-01	5.000000000003086420e-01	9.999792998604292160e-01	-6.191901242365869969e-13
1.979898987322332993e-02	3.721543608423028574e-05	3.721543608423027218e-05	8.015316272235890604e-01	4.999999999993530175e-01	9.999828764902699563e-01	1.294184683426433079e-12
2.262741699796952041e-02	3.793906317304645550e-05	3.793906317304646228e-05	7.311000124511685128e-01	4.999999999996255773e-01	9.999851355907246608e-01	7.473112346893144753e-13
2.545584412271571090e-02	3.847178367769868088e-05	3.847178367769866732e-05	6.800091050121261915e-01	5.000000000007328582e-01	9.999866526525850174e-01	-1.465679058274088271e-12
2.828427124746190138e-02	3.887677890681403903e-05	3.887677890681403225e-05	6.419426357879995937e-01	4.999999999981893373e-01	9.999877196790120104e-01	3.619693371713182718e-12
3.111269837220809187e-02	3.919381713806357575e-05	3.919381713806358931e-05	6.129248528686763731e-01	4.999999999995928257e-01	9.999884976428928818e-01	8.125428173559319761e-13
3.394112549695427888e-02	3.944878653911232966e-05	3.944878653911233643e-05	5.903675950146807239e-01	5.000000000010732526e-01	9.999890812370436644e-01	-2.147964310230186645e-12
3.676955262170047284e-02	3.965904869938160511e-05	3.965904869938159834e-05	5.725351188451783813e-01	4.999999999987164712e-01	9.999895291469652614e-01	2.566807411396981074e-12
3.959797974644665985e-02	3.983655833402728266e-05	3.983655833402728266e-05	5.582322240525664503e-01	4.999999999996693756e-01	9.999898793322404833e-01	6.586999824073934957e-13
4.242640687119285381e-02	3.998974271226319780e-05	3.998974271226320458e-05	5.466163642329772143e-01	4.999999999998420708e-01	9.999901572387674964e-01	3.147052048778958204e-13
4.525483399593904082e-02	4.012466835577004466e-05	4.012466835577005144e-05	5.370810086017084872e-01	5.000000000002634559e-01	9.999903804474177260e-01	-5.261499495699106173e-13
4.808326112068522784e-02	4.024578518367478400e-05	4.024578518367478400e-05	5.291812467933184605e-01	4.999999999999981126e-01	9.999905614241868523e-01	1.729465677775403635e-15
5.091168824543142180e-02	4.035641293295112259e-05	4.035641293295110903e-05	5.225851590211810782e-01	5.000000000010039747e-01	9.999907092090927208e-01	-2.007147182318842331e-12
5.374011537017760881e-02	4.045906627320502286e-05	4.045906627320502286e-05	5.170413125377957275e-01	5.000000000010875745e-01	9.999908304877799248e-01	-2.174944239051954450e-12
5.656854249492380277e-02	4.055567655527539931e-05	4.055567655527539254e-05	5.123565920736384838e-01	5.000000000009297008e-01	9.999909302910708897e-01	-1.860170937545907994e-12
5.939696961966998978e-02	4.064774587889596544e-05	4.064774587889595866e-05	5.083807966887372576e-01	5.000000000004545253e-01	9.999910124633054620e-01	-9.099608650418868294e-13
6.222539674441618374e-02	4.073645596166384955e-05	4.073645596166385632e-05	5.049957553951760492e-01	4.999999999993581246e-01	9.999910799826603469e-01	1.283453033552220230e-12
6.505382386916237769e-02	4.082274627106607820e-05	4.082274627106607142e-05	5.021075157422385526e-01	4.999999999992480459e-01	9.999911351848688179e-01	1.503253371032566739e-12
6.788225099390855777e-02	4.090737090275618060e-05	4.090737090275619415e-05	4.996406572781950661e-01	5.000000000005296874e-01	9.999911799221272712e-01	-1.058527535034304776e-12
7.071067811865475172e-02	4.099094053438445711e-05	4.099094053438445033e-05	4.975340971140994051e-01	5.000000000004970468e-01	9.999912156782351236e-01	-9.948242254296266356e-13
7.353910524340094568e-02	4.107395374925655097e-05	4.107395374925656452e-05	4.957379582586239897e-01	5.000000000000773825e-01	9.999912436523236137e-01	-1.544231483611708915e-13
7.636753236814712575e-02	4.115682068808853617e-05	4.115682068808852940e-05	4.942112049736624990e-01	4.999999999990533128e-01	9.999912648216473521e-01	1.891686559531833649e-12
7.919595949289331971e-02	4.123988109555462637e-05	4.123988109555463315e-05	4.929198385241258529e-01	4.999999999998258060e-01	9.999912799885825043e-01	3.473320598925181717e-13
8.202438661763951366e-02	4.132341822459958903e-05	4.132341822459959581e-05	4.918355070594098710e-01	4.999999999998033795e-01	9.999912898162656161e-01	3.902122869163109040e-13
8.485281374238570762e-02	4.140766964707249891e-05	4.140766964707249213e-05	4.909344247961119345e-01	4.999999999996617150e-01	9.999912948562525994e-01	6.759670025713388781e-13
8.768124086713188770e-02	4.149283573056641096e-05	4.149283573056641774e-05	4.901965245282445260e-01	4.999999999998496758e-01	9.999912955696823591e-01	2.999788454510824289e-13
9.050966799187808165e-02	4.157908633835590793e-05	4.157908633835589437e-05	4.896047877898067058e-01	4.999999999994880207e-01	9.999912923439222556e-01	1.025436099799053970e-12
9.333809511662427560e-02	4.166656616452507638e-05	4.166656616452508316e-05	4.891447114710290034e-01	4.999999999998321898e-01	9.999912855061018346e-01	3.317242980548110607e-13
9.616652224137045568e-02	4.175539901217578757e-05	4.175539901217578079e-05	4.888038801006238665e-01	4.999999999992236766e-01	9.999912753330425508e-01	1.551111421160442324e-12
9.899494936611664964e-02	4.184569124686384281e-05	4.184569124686384958e-05	4.885716205928037348e-01	4.999999999999292788e-01	9.999912620602167124e-01	1.411321240193117913e-13
1.018233764908628436e-01	4.193753460156986938e-05	4.193753460156985583e-05	4.884387218232249528e-01	4.999999999995600186e-01	9.999912458880636512e-01	8.801256009431370481e-13
1.046518036156090375e-01	4.203100846849260833e-05	4.203100846849260833e-05	4.883972055159134240e-01	4.999999999996541655e-01	9.999912269878550308e-01	6.911332497392954936e-13
1.074802307403552176e-01	4.212618178193990655e-05	4.212618178193990655e-05	4.884401380101444645e-01	4.999999999999242828e-01	9.999912055059823057e-01	1.519330197700224098e-13
1.103086578651014116e-01	4.222311457343166669e-05	4.222311457343167347e-05	4.885614748006749108e-01	5.000000000006884493e-01	9.999911815676614246e-01	-1.377210398152251151e-12
1.131370849898476055e-01	4.232185926255426054e-05	4.232185926255425376e-05	4.887559314983180858e-01	5.000000000000791589e-01	9.999911552800265779e-01	-1.572487882081955163e-13
1.159655121145937856e-01	4.242246173347351257e-05	4.242246173347351257e-05	4.890188762207847151e-01	5.000000000006588063e-01	9.999911267347205701e-01	-1.318609618181662856e-12
1.187939392393399796e-01	4.252496223682822974e-05	4.252496223682822974e-05	4.893462394417355532e-01	4.999999999997903899e-01	9.999910960098329360e-01	4.179811271075984893e-13
1.216223663640861735e-01	4.262939614853253096e-05	4.262939614853253773e-05	4.897344381484640685e-01	4.999999999999650280e-01	9.999910631718516019e-01	7.076665153803349399e-14
1.244507934888323675e-01	4.273579461079488425e-05	4.273579461079487070e-05	4.901803117747149940e-01	5.000000000001779688e-01	9.999910282770246850e-01	-3.560869484855783138e-13
1.272792206135785475e-01	4.284418507576643763e-05	4.284418507576642408e-05	4.906810678700025963e-01	4.999999999999534261e-01	9.999909913725589794e-01	9.319501125711306125e-14
1.301076477383247554e-01	4.295459176830155912e-05	4.295459176830155912e-05	4.912342358580059631e-01	5.000000000006805667e-01	9.999909524979270214e-01	-1.363425911870609703e-12
1.329360748630709355e-01	4.306703608127593309e-05	4.306703608127594664e-05	4.918376275367571937e-01	5.000000000004157785e-01	9.999909116854822644e-01	-8.321091052391209352e-13
1.357645019878171155e-01	4.318153691441967487e-05	4.318153691441968165e-05	4.924893032289944794e-01	4.999999999999479305e-01	9.999908689614182000e-01	1.026129605268452628e-13
1.385929291125633234e-01	4.329811096570042550e-05	4.329811096570043228e-05	4.931875426761784253e-01	5.000000000003770317e-01	9.999908243462526380e-01	-7.526538162598353821e-13
1.414213562373095034e-01	4.341677298265079359e-05	4.341677298265079359e-05	4.939308199400071486e-01	4.999999999999227285e-01	9.999907778556076376e-01	1.531331699797867301e-13
1.442497833620556835e-01	4.353753597978623596e-05	4.353753597978624951e-05	4.947177816931790928e-01	4.999999999995343725e-01	9.999907295004620833e-01	9.317555072180288025e-13
1.470782104868018914e-01	4.366041142725767216e-05	4.366041142725767216e-05	4.955472283893320173e-01	5.000000000000269784e-01	9.999906792877342188e-01	-5.425023509623316497e-14
1.499066376115480714e-01	4.378540941493397722e-05	4.378540941493398400e-05	4.964180978892711038e-01	5.000000000000842659e-01	9.999906272205674185e-01	-1.689677716910002382e-13
1.527350647362942515e-01	4.391253879552980759e-05	4.391253879552981437e-05	4.973294511840044008e-01	4.999999999994986233e-01	9.999905732985856499e-01	1.001600947527109466e-12
1.555634918610404593e-01	4.404180730972870501e-05	4.404180730972870501e-05	4.982804599195103101e-01	4.999999999987270738e-01	9.999905175182814965e-01	2.545516824320095934e-12
1.583919189857866394e-01	4.417322169583755596e-05	4.417322169583754918e-05	4.992703954685770995e-01	5.000000000004942713e-01	9.999904598731301775e-01	-9.883607684488742287e-13
1.612203461105328195e-01	4.430678778616161414e-05	4.430678778616162092e-05	5.002986193333205378e-01	4.999999999998331335e-01	9.999904003538462316e-01	3.345075063025036836e-13
1.640487732352790273e-01	4.444251059169858630e-05	4.444251059169859307e-05	5.013645747140601516e-01	5.000000000000562883e-01	9.999903389485272909e-01	-1.137874726439794066e-13
1.668772003600252074e-01	4.458039437702955164e-05	4.458039437702954487e-05	5.024677790636074004e-01	4.999999999998420153e-01	9.999902756428070694e-01	3.163030695050371039e-13
1.697056274847714152e-01	4.472044272637662877e-05	4.472044272637662200e-05	5.036078175236805565e-01	5.000000000003353984e-01	9.999902104199767106e-01	-6.712482807015235260e-13
1.725340546095175953e-01	4.486265860209776994e-05	4.486265860209776994e-05	5.047843371192344275e-01	4.999999999999394373e-01	9.999901432610945884e-01	1.193681064087133036e-13
1.753624817342637754e-01	4.500704439665659631e-05	4.500704439665660986e-05	5.059970416084411671e-01	4.999999999993516853e-01	9.999900741450606922e-01	1.296326894723421959e-12
1.781909088590099832e-01	4.515360197871064640e-05	4.515360197871063963e-05	5.072456869208012975e-01	4.999999999993576250e-01	9.999900030487174352e-01	1.282568358672548186e-12
1.810193359837561633e-01	4.530233273413806751e-05	4.530233273413807429e-05	5.085300771036738166e-01	4.999999999984549026e-01	9.999899299468817393e-01	3.087812138092933371e-12
1.838477631085023434e-01	4.545323760269050662e-05	4.545323760269052017e-05	5.098500607094784698e-01	4.999999999999870659e-01	9.999898548124203090e-01	2.518423595395230271e-14
1.866761902332485512e-01	4.560631711050234339e-05	4.560631711050233661e-05	5.112055275954133782e-01	4.999999999994460542e-01	9.999897776162809393e-01	1.106718057740297789e-12
1.895046173579947313e-01	4.576157139937585820e-05	4.576157139937585820e-05	5.125964060523741095e-01	4.999999999999492073e-01	9.999896983275207152e-01	1.010411827542390682e-13
1.923330444827409114e-01	4.591900025281350902e-05	4.591900025281352935e-05	5.140226602578211734e-01	5.000000000003395062e-01	9.999896169133284385e-01	-6.814498580687199602e-13
1.951614716074871192e-01	4.607860311938159385e-05	4.607860311938158707e-05	5.154842879986222259e-01	5.000000000003032019e-01	9.999895333390522723e-01	-6.069644070848833177e-13
1.979898987322332993e-01	4.624037913364594383e-05	4.624037913364594383e-05	5.169813186392789861e-01	4.999999999998702704e-01	9.999894475682015171e-01	2.558373526430201083e-13
2.008183258569795071e-01	4.640432713497713222e-05	4.640432713497713222e-05	5.185138113055653974e-01	4.999999999998225864e-01	9.999893595624493869e-01	3.523424523100867360e-13
2.036467529817256872e-01	4.657044568439982308e-05	4.657044568439982308e-05	5.200818532659421400e-01	4.999999999998822608e-01	9.999892692816162443e-01	2.341724285301832846e-13
2.064751801064718673e-01	4.673873307970196212e-05	4.673873307970196890e-05	5.216855584889150688e-01	4.999999999991154298e-01	9.999891766836931373e-01	1.768284945831867028e-12
2.093036072312180751e-01	4.690918736911959679e-05	4.690918736911959679e-05	5.233250663477323483e-01	4.999999999999650280e-01	9.999890817247901742e-01	7.051133800680426572e-14
2.121320343559642552e-01	4.708180636346508027e-05	4.708180636346507349e-05	5.250005404802217113e-01	4.999999999996023181e-01	9.999889843591494021e-01	7.962092694776225586e-13
2.149604614807104352e-01	4.725658764721182576e-05	4.725658764721183254e-05	5.267121677593721296e-01	4.999999999998371858e-01	9.999888845391008418e-01	3.260886890261513872e-13
2.177888886054566431e-01	4.743352858828693569e-05	4.743352858828694246e-05	5.284601573930105545e-01	4.999999999998129829e-01	9.999887822150397287e-01	3.733309711723014275e-13
2.206173157302028232e-01	4.761262634702053846e-05	4.761262634702055201e-05	5.302447401139287475e-01	5.000000000002707834e-01	9.999886773353986458e-01	-5.424975995409401940e-13
2.234457428549490032e-01	4.779387788403233607e-05	4.779387788403233607e-05	5.320661674764930460e-01	5.000000000002765566e-01	9.999885698466116635e-01	-5.536795841430303460e-13
2.262741699796952111e-01	4.797727996742983238e-05	4.797727996742983238e-05	5.339247112282681229e-01	4.999999999996602718e-01	9.999884596930597169e-01	6.759446824425417269e-13
2.291025971044413911e-01	4.816282917917680793e-05	4.816282917917680793e-05	5.358206627663832933e-01	4.999999999988974930e-01	9.999883468170509548e-01	2.201730139972097346e-12
2.319310242291875712e-01	4.835052192086027262e-05	4.835052192086027940e-05	5.377543326593694495e-01	4.999999999994533262e-01	9.999882311587443562e-01	1.090631741587170050e-12
2.347594513539337790e-01	4.854035441870422311e-05	4.854035441870422311e-05	5.397260502449029440e-01	5.000000000010970114e-01	9.999881126561241951e-01	-2.193693853630643451e-12
2.375878784786799591e-01	4.873232272823044503e-05	4.873232272823043148e-05	5.417361632722733633e-01	5.000000000009307000e-01	9.999879912449198827e-01	-1.861795051125205925e-12
2.404163056034261670e-01	4.892642273822488363e-05	4.892642273822487686e-05	5.437850376130055619e-01	4.999999999995142219e-01	9.999878668585718833e-01	9.700086455245145085e-13
2.432447327281723470e-01	4.912265017429883461e-05	4.912265017429883461e-05	5.458730570191601128e-01	5.000000000014326318e-01	9.999877394281388998e-01	-2.866152438134319549e-12
2.460731598529185271e-01	4.932100060207691858e-05	4.932100060207691180e-05	5.480006229241617399e-01	4.999999999998435141e-01	9.999876088822554632e-01	3.102372068912849992e-13
2.489015869776647349e-01	4.952146942989997004e-05	4.952146942989997682e-05	5.501681542948927417e-01	4.999999999996344591e-01	9.999874751470411161e-01	7.297051939524354710e-13
2.517300141024109150e-01	4.972405191122681618e-05	4.972405191122681618e-05	5.523760875201395582e-01	4.999999999999993339e-01	9.999873381460426813e-01	-1.607759947272516504e-15
2.545584412271570951e-01	4.992874314664735576e-05	4.992874314664736253e-05	5.546248763420342787e-01	4.999999999997030153e-01	9.999871978001393380e-01	5.942508257893002328e-13
2.573868683519032752e-01	5.013553808567284111e-05	5.013553808567283433e-05	5.569149918175092528e-01	5.000000000001193490e-01	9.999870540274649056e-01	-2.399274288743878688e-13
2.602152954766495108e-01	5.034443152811430574e-05	5.034443152811430574e-05	5.592469223223015540e-01	5.000000000001205702e-01	9.999869067433098113e-01	-2.425143280316884511e-13
2.630437226013956908e-01	5.055541812531513275e-05	5.055541812531512598e-05	5.616211735799906402e-01	4.999999999999976685e-01	9.999867558600558093e-01	4.150708047247730870e-15
2.658721497261418709e-01	5.076849238108606404e-05	5.076849238108606404e-05	5.640382687250073968e-01	4.999999999998101519e-01	9.999866012870440857e-01	3.796321876244641457e-13
2.687005768508880510e-01	5.098364865234872171e-05	5.098364865234870816e-05	5.664987483985564065e-01	5.000000000007173151e-01	9.999864429304852198e-01	-1.433627974745777533e-12
2.715290039756342311e-01	5.120088114968743986e-05	5.120088114968743986e-05	5.690031708658697118e-01	4.999999999998895328e-01	9.999862806933585979e-01	2.204102852728711622e-13
2.743574311003804111e-01	5.142018393758256460e-05	5.142018393758255782e-05	5.715521121667299642e-01	4.999999999999372169e-01	9.999861144753011688e-01	1.233988944727430289e-13
2.771858582251266467e-01	5.164155093450798476e-05	5.164155093450799154e-05	5.741461662902679342e-01	5.000000000000910383e-01	9.999859441724696651e-01	-1.834135569432061876e-13
2.800142853498728268e-01	5.186497591285392999e-05	5.186497591285395032e-05	5.767859453738255482e-01	4.999999999999197864e-01	9.999857696774415716e-01	1.602087967165262433e-13
2.828427124746190069e-01	5.209045249863406669e-05	5.209045249863407346e-05	5.794720799302746084e-01	5.000000000005790923e-01	9.999855908790650227e-01	-1.158560478943592592e-12
2.856711395993651870e-01	5.231797417110144654e-05	5.231797417110146009e-05	5.822052190951207962e-01	4.999999999997805089e-01	9.999854076623378996e-01	4.383906588089441005e-13
2.884995667241113670e-01	5.254753426210836644e-05	5.254753426210835289e-05	5.849860309040292305e-01	5.000000000001835199e-01	9.999852199082600590e-01	-3.658708809155850136e-13
2.913279938488576026e-01	5.277912595541735800e-05	5.277912595541735800e-05	5.878152025877196873e-01	4.999999999994746425e-01	9.999850274936853411e-01	1.050986584831995372e-12
2.941564209736037827e-01	5.301274228581528595e-05	5.301274228581529272e-05	5.906934408942209336e-01	4.999999999998936961e-01	9.999848302911604758e-01	2.129872692123318863e-13
2.969848480983499628e-01	5.324837613812222474e-05	5.324837613812223830e-05	5.936214724322784742e-01	5.000000000001944001e-01	9.999846281687749805e-01	-3.931626414857393083e-13
2.998132752230961429e-01	5.348602024602216684e-05	5.348602024602218039e-05	5.966000440408920635e-01	4.999999999994433342e-01	9.999844209899833025e-01	1.110028520449478535e-12
3.026417023478423229e-01	5.372566719082379991e-05	5.372566719082379314e-05	5.996299231790226392e-01	4.999999999998532285e-01	9.999842086134317354e-01	2.926356250119409579e-13
3.054701294725885030e-01	5.396730940006813382e-05	5.396730940006813382e-05	6.027118983403345620e-01	5.000000000004812817e-01	9.999839908927582455e-01	-9.656787045512390490e-13
3.082985565973347386e-01	5.421093914600657888e-05	5.421093914600657210e-05	6.058467794923338978e-01	4.999999999987405075e-01	9.999837676764098404e-01	2.519447011101906463e-12
3.111269837220809187e-01	5.445654854401715009e-05	5.445654854401713653e-05	6.090353985356361521e-01	5.000000000001454392e-01	9.999835388074477249e-01	-2.934016980769493818e-13
3.139554108468270988e-01	5.470412955080051738e-05	5.470412955080050383e-05	6.122786097945127626e-01	4.999999999996649902e-01	9.999833041233070485e-01	6.691883747986172355e-13
3.167838379715732788e-01	5.495367396260493627e-05	5.495367396260493627e-05	6.155772905227948621e-01	5.000000000000323075e-01	9.999830634556041709e-01	-6.611212635815627190e-14
3.196122650963194589e-01	5.520517341321787172e-05	5.520517341321785817e-05	6.189323414422580605e-01	5.000000000010752510e-01	9.999828166298715404e-01	-2.150608461886256808e-12
3.224406922210656390e-01	5.545861937192479106e-05	5.545861937192480461e-05	6.223446873024217618e-01	4.999999999997042366e-01	9.999825634653433104e-01	5.899180887602658869e-13
3.252691193458118746e-01	5.571400314131422379e-05	5.571400314131420346e-05	6.258152774683369834e-01	4.999999999984108823e-01	9.999823037746741194e-01	3.178657931188004596e-12
3.280975464705580547e-01	5.597131585502296665e-05	5.597131585502296665e-05	6.293450865330231236e-01	5.000000000000661693e-01	9.999820373636789661e-01	-1.336928190114438221e-13
3.309259735953042347e-01	5.623054847532814516e-05	5.623054847532817904e-05	6.329351149595509041e-01	5.000000000001753042e-01	9.999817640310606492e-01	-3.508184382919335705e-13
3.337544007200504148e-01	5.649169179068715206e-05	5.649169179068716561e-05	6.365863897483294842e-01	5.000000000000086597e-01	9.999814835681025693e-01	-1.965100917736451822e-14
3.365828278447965949e-01	5.675473641309404396e-05	5.675473641309404396e-05	6.402999651376003465e-01	5.000000000000924816e-01	9.999811957583589761e-01	-1.882417140933782560e-13
3.394112549695428305e-01	5.701967277542222960e-05	5.701967277542224316e-05	6.440769233287965134e-01	4.999999999999272249e-01	9.999809003773411087e-01	1.459777148082216926e-13
3.422396820942890105e-01	5.728649112860991486e-05	5.728649112860988775e-05	6.479183752453886447e-01	5.000000000000263123e-01	9.999805971921604808e-01	-5.482900962536270479e-14
3.450681092190351906e-01	5.755518153872345307e-05	5.755518153872343952e-05	6.518254613245818563e-01	4.999999999999511502e-01	9.999802859611891526e-01	9.622706642255610357e-14
3.478965363437813707e-01	5.782573388397614823e-05	5.782573388397616178e-05	6.557993523381754342e-01	5.000000000000576206e-01	9.999799664336793681e-01	-1.166928610433434403e-13
3.507249634685275508e-01	5.809813785157036707e-05	5.809813785157037384e-05	6.598412502516829425e-01	5.000000000001402212e-01	9.999796383493692042e-01	-2.817094519732919626e-13
3.535533905932737309e-01	5.837238293448149723e-05	5.837238293448149723e-05	6.639523891157395052e-01	4.999999999999725220e-01	9.999793014380576883e-01	5.461338138765735342e-14
3.563818177180199664e-01	5.864845842811302777e-05	5.864845842811302777e-05	6.681340359952234742e-01	5.000000000000727196e-01	9.999789554192023422e-01	-1.455827925323849572e-13
3.592102448427661465e-01	5.892635342682951450e-05	5.892635342682952127e-05	6.723874919372003767e-01	5.000000000000048850e-01	9.999786000014353471e-01	-8.696614430281108133e-15
3.620386719675123266e-01	5.920605682040305996e-05	5.920605682040303963e-05	6.767140929769751567e-01	4.999999999998004929e-01	9.999782348820950295e-01	3.969793622184231820e-13
3.648670990922585067e-01	5.948755729032267567e-05	5.948755729032268244e-05	6.811152111864242631e-01	4.999999999997979394e-01	9.999778597467325891e-01	4.020396393907232022e-13
3.676955262170046868e-01	5.977084330599950675e-05	5.977084330599951353e-05	6.855922557647677884e-01	5.000000000000220934e-01	9.999774742685736406e-01	-4.511781246047593609e-14
3.705239533417509223e-01	6.005590312084700742e-05	6.005590312084700742e-05	6.901466741742633415e-01	5.000000000000217604e-01	9.999770781079599935e-01	-4.663259778335352511e-14
3.733523804664971024e-01	6.034272476824358890e-05	6.034272476824360923e-05	6.947799533223615320e-01	4.999999999997392086e-01	9.999766709117848817e-01	5.190411698742800646e-13
3.761808075912432825e-01	6.063129605737608646e-05	6.063129605737609324e-05	6.994936207922979321e-01	5.000000000005607736e-01	9.999762523128606917e-01	-1.123392752585036849e-12
3.790092347159894626e-01	6.092160456894764022e-05	6.092160456894762666e-05	7.042892461249502523e-01	4.999999999999015232e-01	9.999758219292733674e-01	1.970973032009156281e-13
3.818376618407356426e-01	6.121363765076880050e-05	6.121363765076881405e-05	7.091684421532320481e-01	5.000000000000994760e-01	9.999753793637167210e-01	-2.098750204416013795e-13
3.846660889654818227e-01	6.150738241320534243e-05	6.150738241320535598e-05	7.141328663924103592e-01	4.999999999998698264e-01	9.999749242027651253e-01	2.590877088189288936e-13
3.874945160902280583e-01	6.180282572450102453e-05	6.180282572450101098e-05	7.191842224881095369e-01	4.999999999998852585e-01	9.999744560161120122e-01	2.286907308242707031e-13
3.903229432149742384e-01	6.209995420597996699e-05	6.209995420597996699e-05	7.243242617239179504e-01	4.999999999999849565e-01	9.999739743557911620e-01	2.754422654866842146e-14
3.931513703397204185e-01	6.239875422704242844e-05	6.239875422704242844e-05	7.295547845963279432e-01	4.999999999998503419e-01	9.999734787553364868e-01	2.982766503663120694e-13
3.959797974644665985e-01	6.269921190011139387e-05	6.269921190011139387e-05	7.348776424508324245e-01	4.999999999999935052e-01	9.999729687288834157e-01	1.032259040341947960e-14
3.988082245892127786e-01	6.300131307535851378e-05	6.300131307535852734e-05	7.402947391921026465e-01	5.000000000002322587e-01	9.999724437702410818e-01	-4.644283312229836644e-13
4.016366517139590142e-01	6.330504333530809777e-05	6.330504333530812488e-05	7.458080330653756862e-01	4.999999999998903655e-01	9.999719033519259836e-01	2.178396365824571772e-13
4.044650788387051943e-01	6.361038798928097138e-05	6.361038798928098494e-05	7.514195385152004913e-01	5.000000000001361133e-01	9.999713469241044983e-01	-2.757566808212174504e-13
4.072935059634513744e-01	6.391733206767700375e-05	6.391733206767701730e-05	7.571313281247203930e-01	4.999999999995033972e-01	9.999707739134966467e-01	9.919205524109471348e-13
4.101219330881975544e-01	6.422586031609453050e-05	6.422586031609454405e-05	7.629455346396757376e-01	5.000000000001562084e-01	9.999701837222345624e-01	-3.131994231049659607e-13
4.129503602129437345e-01	6.453595718928245724e-05	6.453595718928245724e-05	7.688643530812947491e-01	4.999999999998230860e-01	9.999695757266164886e-01	3.507012816048134718e-13
4.157787873376899146e-01	6.484760684491554315e-05	6.484760684491551604e-05	7.748900429530095613e-01	4.999999999998329669e-01	9.999689492758315756e-01	3.317766771031964987e-13
4.186072144624361502e-01	6.516079313719015426e-05	6.516079313719015426e-05	7.810249305456219426e-01	4.999999999996654898e-01	9.999683036905686606e-01	6.679042185742966429e-13
4.214356415871823303e-01	6.547549961025704763e-05	6.547549961025703408e-05	7.872714113451333429e-01	4.999999999999419353e-01	9.999676382615968473e-01	1.129324002588685320e-13
4.242640687119285103e-01	6.579170949141420802e-05	6.579170949141422157e-05	7.936319525523589657e-01	5.000000000002523537e-01	9.999669522482073081e-01	-5.063587294075130941e-13
4.270924958366746904e-01	6.610940568417151826e-05	6.610940568417154536e-05	8.001090957140202242e-01	4.999999999997646327e-01	9.999662448766067913e-01	4.679601276084401776e-13
4.299209229614208705e-01	6.642857076106192967e-05	6.642857076106192967e-05	8.067054594780661558e-01	5.000000000001189049e-01	9.999655153381765693e-01	-2.402107300682602736e-13
4.327493500861670506e-01	6.674918695628861975e-05	6.674918695628864686e-05	8.134237424744510392e-01	5.000000000000756062e-01	9.999647627876732114e-01	-1.533660457108135879e-13
4.355777772109132862e-01	6.707123615810519225e-05	6.707123615810519225e-05	8.202667263339956660e-01	4.999999999998540057e-01	9.999639863412825846e-01	2.911652895429155512e-13
4.384062043356594662e-01	6.739469990103786820e-05	6.739469990103785465e-05	8.272372788465545135e-01	5.000000000003527179e-01	9.999631850745761552e-01	-7.057560980606550450e-13
4.412346314604056463e-01	6.771955935784330796e-05	6.771955935784330796e-05	8.343383572716996932e-01	5.000000000000640599e-01	9.999623580203236273e-01	-1.276778446250765960e-13
4.440630585851518264e-01	6.804579533125062270e-05	6.804579533125063625e-05	8.415730118079781663e-01	5.000000000002894351e-01	9.999615041661970016e-01	-5.787797969730225863e-13
4.468914857098980065e-01	6.837338824544170017e-05	6.837338824544168662e-05	8.489443892317655171e-01	5.000000000000317524e-01	9.999606224523009956e-01	-6.775438171889699734e-14
4.497199128346442421e-01	6.870231813732497644e-05	6.870231813732494933e-05	8.564557367120592124e-01	5.000000000000676126e-01	9.999597117685756764e-01	-1.382614919327986106e-13
4.525483399593904221e-01	6.903256464750332703e-05	6.903256464750327282e-05	8.641104058172649482e-01	5.000000000000515143e-01	9.999587709520227907e-01	-1.053025708993299015e-13
4.553767670841366022e-01	6.936410701102488732e-05	6.936410701102490087e-05	8.719118567190621283e-01	5.000000000000355271e-01	9.999577987837375836e-01	-7.131245989888919862e-14
4.582051942088827823e-01	6.969692404782456348e-05	6.969692404782454993e-05	8.798636626111201453e-01	5.000000000000566214e-01	9.999567939857976206e-01	-1.130257459763385854e-13
4.610336213336289624e-01	7.003099415292014795e-05	7.003099415292014795e-05	8.879695143509416244e-01	4.999999999999280020e-01	9.999557552178841568e-01	1.430025282040125525e-13
4.638620484583751424e-01	7.036629528628691468e-05	7.036629528628690112e-05	8.962332253424303286e-01	4.999999999997946087e-01	9.999546810737378610e-01	4.050848370862886178e-13
4.666904755831213780e-01	7.070280496245753170e-05	7.070280496245751815e-05	9.046587366715753697e-01	5.000000000000794920e-01	9.999535700773499736e-01	-1.595433927000445477e-13
4.695189027078675581e-01	7.104050023979813623e-05	7.104050023979809557e-05	9.132501225129378009e-01	4.999999999998291922e-01	9.999524206789133229e-01	3.394599508006355273e-13
4.723473298326137382e-01	7.137935770948329952e-05	7.137935770948327242e-05	9.220115958229497810e-01	4.999999999998446243e-01	9.999512312504725831e-01	3.088984478526899606e-13
4.751757569573599183e-01	7.171935348411171438e-05	7.171935348411168727e-05	9.309475143406042985e-01	4.999999999999149014e-01	9.999500000813350553e-01	1.662849569910595268e-13
4.780041840821060983e-01	7.206046318602219553e-05	7.206046318602218198e-05	9.400623869127213705e-01	4.999999999999967248e-01	9.999487253731008662e-01	5.413610732614055373e-15
4.808326112068523339e-01	7.240266193522878633e-05	7.240266193522877278e-05	9.493608801683113274e-01	5.000000000000618394e-01	9.999474052343960695e-01	-1.282805810280696903e-13
4.836610383315985140e-01	7.274592433700359452e-05	7.274592433700356742e-05	9.588478255638276382e-01	4.999999999999313882e-01	9.999460376752046242e-01	1.367049300317550433e-13
4.864894654563446941e-01	7.309022446909659650e-05	7.309022446909659650e-05	9.685282268245368753e-01	5.000000000000348610e-01	9.999446206008260063e-01	-7.229145913672273065e-14
4.893178925810908741e-01	7.343553586854100531e-05	7.343553586854103241e-05	9.784072678108368670e-01	5.000000000000910383e-01	9.999431518053869539e-01	-1.842778416090205633e-13
4.921463197058370542e-01	7.378183151809159554e-05	7.378183151809156843e-05	9.884903208368276406e-01	4.999999999998912537e-01	9.999416289648831446e-01	2.137122171502288317e-13
4.949747468305832343e-01	7.412908383222982164e-05	7.412908383222982164e-05	9.987829554754281691e-01	5.000000000000152101e-01	9.999400496297173868e-01	-3.096750558602013578e-14
4.978031739553294699e-01	7.447726464275589598e-05	7.447726464275588243e-05	1.009290947883087153e+00	5.000000000000550671e-01	9.999384112166903593e-01	-1.107013532878808659e-13
5.006316010800756500e-01	7.482634518392565091e-05	7.482634518392563736e-05	1.020020290683792963e+00	5.000000000001915135e-01	9.999367110003908321e-01	-3.879301900372158297e-13
5.034600282048218300e-01	7.517629607715195831e-05	7.517629607715195831e-05	1.030977203451383994e+00	4.999999999999162337e-01	9.999349461039394038e-01	1.627613161035169740e-13
5.062884553295680101e-01	7.552708731521989784e-05	7.552708731521988429e-05	1.042168143836946115e+00	4.999999999998881450e-01	9.999331134890150352e-01	2.235582969798368980e-13
5.091168824543141902e-01	7.587868824603666708e-05	7.587868824603669418e-05	1.053599819388333136e+00	4.999999999997253863e-01	9.999312099451455049e-01	5.457532657035295899e-13
5.119453095790603703e-01	7.623106755585881125e-05	7.623106755585882480e-05	1.065279200117019709e+00	5.000000000001005862e-01	9.999292320781278942e-01	-2.025586811919197872e-13
5.147737367038065504e-01	7.658419325201897172e-05	7.658419325201898528e-05	1.077213531868806529e+00	4.999999999999155675e-01	9.999271762975510125e-01	1.662230302269973077e-13
5.176021638285527304e-01	7.693803264512229700e-05	7.693803264512229700e-05	1.089410350562569185e+00	4.999999999998927525e-01	9.999250388033323889e-01	2.109899038150325496e-13
5.204305909532990215e-01	7.729255233068263291e-05	7.729255233068261935e-05	1.101877497367683478e+00	4.999999999996197486e-01	9.999228155711489263e-01	7.594299629506317861e-13
5.232590180780452016e-01	7.764771817020010467e-05	7.764771817020011823e-05	1.114623134895427192e+00	4.999999999997952749e-01	9.999205023367062628e-01	4.040483152719067847e-13
5.260874452027913817e-01	7.800349527165122414e-05	7.800349527165122414e-05	1.127655764489350565e+00	4.999999999999216183e-01	9.999180945786610986e-01	1.500831941085001265e-13
5.289158723275375618e-01	7.835984796938784923e-05	7.835984796938784923e-05	1.140984244706376938e+00	5.000000000005030421e-01	9.999155875001803917e-01	-1.014282671701788080e-12
5.317442994522837418e-01	7.871673980339479717e-05	7.871673980339477007e-05	1.154617811091726454e+00	4.999999999998669953e-01	9.999129760088460994e-01	2.649630457872998590e-13
5.345727265770299219e-01	7.907413349794278467e-05	7.907413349794278467e-05	1.168566097358291866e+00	4.999999999999885647e-01	9.999102546949301118e-01	2.002223405214058945e-14
5.374011537017761020e-01	7.943199093955886274e-05	7.943199093955887629e-05	1.182839158096774979e+00	4.999999999999704126e-01	9.999074178077046460e-01	5.993735479907121835e-14
5.402295808265222821e-01	7.979027315434988107e-05	7.979027315434988107e-05	1.197447493152214326e+00	5.000000000000196509e-01	9.999044592296864042e-01	-4.318622802567217262e-14
5.430580079512684621e-01	8.014894028461254729e-05	8.014894028461257440e-05	1.212402073821516213e+00	5.000000000000035527e-01	9.999013724485811272e-01	-8.691653093611243679e-15
5.458864350760146422e-01	8.050795156476409813e-05	8.050795156476409813e-05	1.227714371039158703e+00	5.000000000000960343e-01	9.998981505266596459e-01	-1.986454995398743159e-13
5.487148622007608223e-01	8.086726529653705470e-05	8.086726529653705470e-05	1.243396385741339483e+00	4.999999999999705791e-01	9.998947860673298438e-01	5.307857245075213405e-14
5.515432893255071134e-01	8.122683882345296986e-05	8.122683882345296986e-05	1.259460681617607714e+00	4.999999999998136491e-01	9.998912711785657992e-01	3.646093578814536438e-13
5.543717164502532935e-01	8.158662850453366974e-05	8.158662850453369684e-05	1.275920420485853857e+00	4.999999999999577005e-01	9.998875974328755856e-01	8.404203277946975070e-14
5.572001435749994736e-01	8.194658968727084670e-05	8.194658968727088736e-05	1.292789400552073698e+00	5.000000000001512124e-01	9.998837558234202616e-01	-3.086724627512326287e-13
5.600285706997456536e-01	8.230667667983054445e-05	8.230667667983057156e-05	1.310082097849878169e+00	5.000000000000165423e-01	9.998797367157757909e-01	-3.414503408088223309e-14
5.628569978244918337e-01	8.266684272247869811e-05	8.266684272247869811e-05	1.327813711191611512e+00	4.999999999999765743e-01	9.998755297949788456e-01	4.118104655906015300e-14
5.656854249492380138e-01	8.302703995824941316e-05	8.302703995824942671e-05	1.346000211002957858e+00	4.999999999998351319e-01	9.998711240071316286e-01	3.277208047837823805e-13
5.685138520739841939e-01	8.338721940284899044e-05	8.338721940284897689e-05	1.364658392462299474e+00	4.999999999999479861e-01	9.998665074950353615e-01	1.034569293853524299e-13
5.713422791987303739e-01	8.374733091379554784e-05	8.374733091379556139e-05	1.383805933421742740e+00	4.999999999999450995e-01	9.998616675270871612e-01	1.011817022743318330e-13
5.741707063234765540e-01	8.410732315885198615e-05	8.410732315885198615e-05	1.403461457649031408e+00	4.999999999999854561e-01	9.998565904185522379e-01	2.555613341093880204e-14
5.769991334482227341e-01	8.446714358372847372e-05	8.446714358372846016e-05	1.423644604006595316e+00	5.000000000000397460e-01	9.998512614443270108e-01	-8.092371295964680285e-14
5.798275605729689142e-01	8.482673837915163505e-05	8.482673837915164861e-05	1.444376102266861972e+00	5.000000000000186517e-01	9.998456647420410626e-01	-4.003144290807433511e-14
5.826559876977152053e-01	8.518605244731453801e-05	8.518605244731451091e-05	1.465677856366990772e+00	5.000000000000066613e-01	9.998397832042157374e-01	-1.593564297116355070e-14
5.854844148224613853e-01	8.554502936780916417e-05	8.554502936780916417e-05	1.487573036021461181e+00	5.000000000001421085e-01	9.998335983580208808e-01	-2.897470461501600307e-13
5.883128419472075654e-01	8.590361136312813927e-05	8.590361136312816637e-05	1.510086177750616043e+00	4.999999999999586442e-01	9.998270902309541741e-01	8.148927495270436787e-14
5.911412690719537455e-01	8.626173926387282098e-05	8.626173926387282098e-05	1.533243296545598877e+00	5.000000000000818234e-01	9.998202372003631710e-01	-1.697516529917586958e-13
5.939696961966999256e-01	8.661935247381440963e-05	8.661935247381439607e-05	1.557072009583704508e+00	5.000000000000140998e-01	9.998130158246251176e-01	-3.308284016694189013e-14
5.967981233214461056e-01	8.697638893503816286e-05	8.697638893503816286e-05	1.581601673635598226e+00	4.999999999998548383e-01	9.998054006531307270e-01	2.901561637518981275e-13
5.996265504461922857e-01	8.733278509340311328e-05	8.733278509340308617e-05	1.606863538081294784e+00	4.999999999999936162e-01	9.997973640120093597e-01	1.244983732483917341e-14
6.024549775709384658e-01	8.768847586466671366e-05	8.768847586466672721e-05	1.632890915775831786e+00	5.000000000000074385e-01	9.997888757617573452e-01	-1.719841477670463461e-14
6.052834046956846459e-01	8.804339460166977767e-05	8.804339460166977767e-05	1.659719374401515068e+00	5.000000000000682787e-01	9.997799030223725181e-01	-1.427674661519086558e-13
6.081118318204308260e-01	8.839747306310072371e-05	8.839747306310068305e-05	1.687386951417477521e+00	4.999999999999769074e-01	9.997704098606614576e-01	4.555758035307456858e-14
6.109402589451770060e-01	8.875064138448725791e-05	8.875064138448729857e-05	1.715934396294918285e+00	5.000000000000861533e-01	9.997603569334851947e-01	-1.719072321991170905e-13
6.137686860699231861e-01	8.910282805221586783e-05	8.910282805221589493e-05	1.745405444432754916e+00	5.000000000000690559e-01	9.997497010792620875e-01	-1.377539712048555316e-13
6.165971131946694772e-01	8.945395988160922745e-05	8.945395988160922745e-05	1.775847128012771670e+00	4.999999999998956390e-01	9.997383948487506000e-01	2.036591416589020255e-13
6.194255403194156573e-01	8.980396200033561357e-05	8.980396200033557291e-05	1.807310130124960779e+00	4.999999999999049094e-01	9.997263859639262673e-01	1.847609310215588517e-13
6.222539674441618374e-01	9.015275783878251863e-05	9.015275783878251863e-05	1.839849189821820108e+00	5.000000000000766054e-01	9.997136166915820965e-01	-1.535489689608691565e-13
6.250823945689080174e-01	9.050026912944993118e-05	9.050026912944993118e-05	1.873523567425181557e+00	5.000000000000170974e-01	9.997000231151116356e-01	-3.496070711557210066e-14
6.279108216936541975e-01	9.084641591798988574e-05	9.084641591798989929e-05	1.908397581505553164e+00	4.999999999997330469e-01	9.996855342841958203e-01	5.322070706746068820e-13
6.307392488184003776e-01	9.119111658926812151e-05	9.119111658926810796e-05	1.944541231612828547e+00	5.000000000000311973e-01	9.996700712170861758e-01	-6.362414905533152632e-14
6.335676759431465577e-01	9.153428791276046767e-05	9.153428791276044057e-05	1.982030924245514969e+00	4.999999999999570899e-01	9.996535457240294242e-01	8.011035699681903923e-14
6.363961030678927377e-01	9.187584511292030195e-05	9.187584511292028839e-05	2.020950323936313353e+00	5.000000000000478506e-01	9.996358590120639764e-01	-9.654176029196264320e-14
6.392245301926389178e-01	9.221570197181679898e-05	9.221570197181679898e-05	2.061391357056310270e+00	5.000000000001226796e-01	9.996169000208511290e-01	-2.514181447600227597e-13
6.420529573173850979e-01	9.255377097368759447e-05	9.255377097368759447e-05	2.103455403463756035e+00	4.999999999999676370e-01	9.995965434249058923e-01	6.253144087211057580e-14
6.448813844421312780e-01	9.288996350413644492e-05	9.288996350413643137e-05	2.147254721127173305e+00	4.999999999999916178e-01	9.995746472188801190e-01	1.591917723300407834e-14
6.477098115668775691e-01	9.322419012104923484e-05	9.322419012104924839e-05	2.192914162295700908e+00	4.999999999999837352e-01	9.995510497768952396e-01	2.785360612674644271e-14
6.505382386916237492e-01	9.355636092025385812e-05	9.355636092025381746e-05	2.240573258090448494e+00	4.999999999999428790e-01	9.995255662420777787e-01	1.061772742159792929e-13
6.533666658163699292e-01	9.388638602740583016e-05	9.388638602740583016e-05	2.290388773632296981e+00	4.999999999999281686e-01	9.994979840541048377e-01	1.410219148420088602e-13
6.561950929411161093e-01	9.421417625963971268e-05	9.421417625963971268e-05	2.342537871155595308e+00	5.000000000000333067e-01	9.994680573544169055e-01	-7.192997774149592974e-14
6.590235200658622894e-01	9.453964401803056569e-05	9.453964401803056569e-05	2.397222068820475283e+00	5.000000000000164313e-01	9.994354999116162874e-01	-3.304966896706398264e-14
6.618519471906084695e-01	9.486270449781045839e-05	9.486270449781041773e-05	2.454672255712179840e+00	4.999999999997892242e-01	9.993999760679768141e-01	4.203449249863723406e-13
6.646803743153546495e-01	9.518327734224328726e-05	9.518327734224328726e-05	2.515155130978701692e+00	5.000000000000102141e-01	9.993610889980335532e-01	-2.789800399395148730e-14
6.675088014401008296e-01	9.550128892606171119e-05	9.550128892606171119e-05	2.578981597240494139e+00	4.999999999999433231e-01	9.993183652519466165e-01	1.052797178710036417e-13
6.703372285648470097e-01	9.581667554893790785e-05	9.581667554893786719e-05	2.646517889237090859e+00	5.000000000000198730e-01	9.992712340615261812e-01	-4.920490327103952018e-14
6.731656556895931898e-01	9.612938797266792261e-05	9.612938797266788195e-05	2.718200617486318471e+00	4.999999999999674150e-01	9.992189990966451330e-01	4.249686946745587224e-14
6.759940828143393698e-01	9.643939799181610131e-05	9.643939799181608776e-05	2.794557561073996776e+00	5.000000000000177636e-01	9.991607990570656739e-01	-4.083065867493420285e-14
6.788225099390856609e-01	9.674670817118494030e-05	9.674670817118492675e-05	2.876237156841674025e+00	4.999999999999854006e-01	9.990955512584692721e-01	2.041054381307335144e-14
6.816509370638318410e-01	9.705136668474278051e-05	9.705136668474278051e-05	2.964051607189204240e+00	4.999999999999774070e-01	9.990218684030096608e-01	-1.845798717998526142e-15
6.844793641885780211e-01	9.735349071108569900e-05	9.735349071108569900e-05	3.059042210618303059e+00	4.999999999999545919e-01	9.989379312925016352e-01	8.635331660074730548e-14
6.873077913133242012e-01	9.765330490133254313e-05	9.765330490133255668e-05	3.162582803021527944e+00	4.999999999999681366e-01	9.988412854705808197e-01	5.019889728167538888e-14
6.901362184380703813e-01	9.795120805974851842e-05	9.795120805974853197e-05	3.276552691790204364e+00	4.999999999999686917e-01	9.987284982124167154e-01	4.981167998148634812e-14
6.929646455628165613e-01	9.824789688011505303e-05	9.824789688011501237e-05	3.403646567015202962e+00	5.000000000000162093e-01	9.985945383821733801e-01	-5.245693168850953242e-14
6.957930726875627414e-01	9.854461748736005557e-05	9.854461748736008267e-05	3.547983580806354897e+00	4.999999999999566458e-01	9.984315469038781421e-01	7.520809307967547992e-14
6.986214998123089215e-01	9.884374711194633971e-05	9.884374711194632616e-05	3.716470030634266841e+00	4.999999999999895084e-01	9.982260616553572108e-01	1.969149161491854511e-14
7.014499269370551016e-01	9.915043455328880406e-05	9.915043455328879051e-05	3.922518347915105341e+00	4.999999999999957256e-01	9.979513756732267815e-01	4.966588697653904344e-15
7.042783540618012816e-01	9.947924863814377962e-05	9.947924863814375251e-05	4.200614927425197820e+00	4.999999999999878431e-01	9.975373174546143806e-01	2.260010619403382548e-14
7.071067811865474617e-01	1.000016182166007622e-04	1.000016182166007757e-04	4.911731863120259334e+00	4.999999999999706346e-01	9.962263742608414852e-01	4.857264018624275759e-14
