# ###########
# [default parameters]
#   dict([('NL', '40'), ('NR', '2'), ('GNL', '1e-4'), ('GNR', '1e-4'), ('GS', '1.'), ('wL', '5.'), ('wR', '5.'), ('lambdaL', '0.05'), ('lambdaR', '0.'), ('QL', '1e5'), ('QR', '1e5'), ('TOscL', '5.'), ('TOscR', '5.'), ('TelL', '5.'), ('TelR', '5.'), ('muL', '-1e3'), ('muR', '-1e3'), ('ham', 'chargevib')])
# [assignments]
#   dict([('eLu', 'x'), ('eLd', 'x'), ('eRu', 'x'), ('eRd', 'x')])
# [variables]
#   ['x']
# [columns]
#   ['x', 'IL', 'IR', 'nOscL', 'nOscR', 'dotEOscL', 'dotEOscR', 'dotEelL', 'dotEelR', 'eta_L', 'eta_R', 'commL', 'commR']
# ###########
# 
2.000000e+00 5.568767e-06 5.568767e-06 5.816841e-01 2.689414e-01 -7.192965e-08 5.149209e-13 3.838506e-08 3.354407e-08 -2.583324e-03 1.849317e-08 1.000000e+00 4.621172e-01
2.001400e+00 5.561943e-06 5.561943e-06 5.816823e-01 2.689414e-01 -7.239315e-08 3.238404e-13 3.863206e-08 3.376077e-08 -2.603160e-03 1.164487e-08 1.000000e+00 4.621172e-01
2.002800e+00 5.555132e-06 5.555132e-06 5.816803e-01 2.689414e-01 -7.286136e-08 6.866958e-14 3.888153e-08 3.397976e-08 -2.623209e-03 2.472293e-09 1.000000e+00 4.621172e-01
2.004200e+00 5.548334e-06 5.548334e-06 5.816784e-01 2.689414e-01 -7.333494e-08 3.557014e-13 3.913350e-08 3.420109e-08 -2.643494e-03 1.282192e-08 1.000000e+00 4.621172e-01
2.005600e+00 5.541550e-06 5.541550e-06 5.816765e-01 2.689414e-01 -7.381337e-08 5.909504e-13 3.938801e-08 3.442477e-08 -2.663998e-03 2.132799e-08 1.000000e+00 4.621172e-01
2.007000e+00 5.534778e-06 5.534778e-06 5.816745e-01 2.689414e-01 -7.429612e-08 1.699443e-13 3.964509e-08 3.465086e-08 -2.684701e-03 6.140960e-09 1.000000e+00 4.621172e-01
2.008400e+00 5.528020e-06 5.528020e-06 5.816725e-01 2.689414e-01 -7.478417e-08 2.098620e-14 3.990478e-08 3.487937e-08 -2.705641e-03 7.592664e-10 1.000000e+00 4.621172e-01
2.009800e+00 5.521275e-06 5.521275e-06 5.816705e-01 2.689414e-01 -7.527760e-08 1.292547e-13 4.016711e-08 3.511036e-08 -2.726820e-03 4.682059e-09 1.000000e+00 4.621172e-01
2.011200e+00 5.514542e-06 5.514542e-06 5.816685e-01 2.689414e-01 -7.577600e-08 2.541833e-14 4.043213e-08 3.534384e-08 -2.748224e-03 9.218653e-10 1.000000e+00 4.621172e-01
2.012600e+00 5.507824e-06 5.507824e-06 5.816665e-01 2.689414e-01 -7.627973e-08 5.227576e-15 4.069987e-08 3.557986e-08 -2.769868e-03 1.898237e-10 1.000000e+00 4.621172e-01
2.014000e+00 5.501118e-06 5.501118e-06 5.816644e-01 2.689414e-01 -7.678884e-08 1.791180e-14 4.097037e-08 3.581845e-08 -2.791754e-03 6.512059e-10 1.000000e+00 4.621172e-01
2.015400e+00 5.494425e-06 5.494425e-06 5.816623e-01 2.689414e-01 -7.730394e-08 6.157822e-13 4.124367e-08 3.605966e-08 -2.813905e-03 2.241480e-08 1.000000e+00 4.621172e-01
2.016800e+00 5.487745e-06 5.487745e-06 5.816602e-01 2.689414e-01 -7.782334e-08 1.897954e-14 4.151981e-08 3.630351e-08 -2.836259e-03 6.917061e-10 1.000000e+00 4.621172e-01
2.018200e+00 5.481079e-06 5.481079e-06 5.816581e-01 2.689414e-01 -7.834914e-08 2.576947e-13 4.179883e-08 3.655005e-08 -2.858895e-03 9.403066e-09 1.000000e+00 4.621172e-01
2.019600e+00 5.474425e-06 5.474425e-06 5.816559e-01 2.689414e-01 -7.888027e-08 1.751010e-13 4.208077e-08 3.679932e-08 -2.881774e-03 6.397053e-09 1.000000e+00 4.621172e-01
2.021000e+00 5.467785e-06 5.467785e-06 5.816537e-01 2.689414e-01 -7.941706e-08 1.858791e-14 4.236568e-08 3.705136e-08 -2.904908e-03 6.799065e-10 1.000000e+00 4.621172e-01
2.022400e+00 5.461158e-06 5.461158e-06 5.816515e-01 2.689414e-01 -7.995981e-08 5.612491e-15 4.265360e-08 3.730621e-08 -2.928310e-03 2.055422e-10 1.000000e+00 4.621172e-01
2.023800e+00 5.454543e-06 5.454543e-06 5.816493e-01 2.689414e-01 -8.050888e-08 4.109329e-13 4.294457e-08 3.756390e-08 -2.951994e-03 1.506755e-08 1.000000e+00 4.621172e-01
2.025200e+00 5.447942e-06 5.447942e-06 5.816470e-01 2.689414e-01 -8.106318e-08 5.111530e-14 4.323864e-08 3.782449e-08 -2.975919e-03 1.876499e-09 1.000000e+00 4.621172e-01
2.026600e+00 5.441354e-06 5.441354e-06 5.816447e-01 2.689415e-01 -8.164114e-08 1.728027e-11 4.353585e-08 3.808802e-08 -3.000766e-03 6.351458e-07 1.000000e+00 4.621171e-01
2.028000e+00 5.434778e-06 5.434778e-06 5.816425e-01 2.689414e-01 -8.219082e-08 4.094147e-14 4.383625e-08 3.835453e-08 -3.024624e-03 1.506647e-09 1.000000e+00 4.621172e-01
2.029400e+00 5.428216e-06 5.428216e-06 5.816401e-01 2.689414e-01 -8.276395e-08 9.059165e-15 4.413989e-08 3.862406e-08 -3.049398e-03 3.337806e-10 1.000000e+00 4.621172e-01
2.030800e+00 5.421667e-06 5.421667e-06 5.816378e-01 2.689414e-01 -8.334348e-08 5.501787e-15 4.444681e-08 3.889666e-08 -3.074460e-03 2.029556e-10 1.000000e+00 4.621172e-01
2.032200e+00 5.415130e-06 5.415130e-06 5.816354e-01 2.689414e-01 -8.392949e-08 3.821250e-14 4.475707e-08 3.917238e-08 -3.099814e-03 1.411323e-09 1.000000e+00 4.621172e-01
2.033600e+00 5.408607e-06 5.408607e-06 5.816330e-01 2.689414e-01 -8.452211e-08 1.305440e-13 4.507071e-08 3.945127e-08 -3.125467e-03 4.827268e-09 1.000000e+00 4.621172e-01
2.035000e+00 5.402096e-06 5.402096e-06 5.816306e-01 2.689414e-01 -8.512170e-08 5.392149e-13 4.538779e-08 3.973337e-08 -3.151432e-03 1.996317e-08 1.000000e+00 4.621172e-01
2.036400e+00 5.395599e-06 5.395599e-06 5.816281e-01 2.689414e-01 -8.572736e-08 2.677703e-13 4.570836e-08 4.001873e-08 -3.177677e-03 9.925509e-09 1.000000e+00 4.621172e-01
2.037800e+00 5.389114e-06 5.389114e-06 5.816256e-01 2.689414e-01 -8.633989e-08 1.164518e-14 4.603247e-08 4.030741e-08 -3.204233e-03 4.321743e-10 1.000000e+00 4.621172e-01
2.039200e+00 5.382643e-06 5.382643e-06 5.816231e-01 2.689414e-01 -8.695964e-08 1.102771e-14 4.636018e-08 4.059945e-08 -3.231113e-03 4.097508e-10 1.000000e+00 4.621172e-01
2.040600e+00 5.376184e-06 5.376184e-06 5.816206e-01 2.689414e-01 -8.758648e-08 4.196348e-14 4.669153e-08 4.089491e-08 -3.258314e-03 1.561088e-09 1.000000e+00 4.621172e-01
2.042000e+00 5.369738e-06 5.369738e-06 5.816180e-01 2.689414e-01 -8.822066e-08 2.308665e-13 4.702660e-08 4.119383e-08 -3.285846e-03 8.598798e-09 1.000000e+00 4.621172e-01
2.043400e+00 5.363305e-06 5.363305e-06 5.816154e-01 2.689414e-01 -8.886378e-08 2.068237e-12 4.736542e-08 4.149629e-08 -3.313769e-03 7.712545e-08 1.000000e+00 4.621171e-01
2.044800e+00 5.356885e-06 5.356885e-06 5.816127e-01 2.689414e-01 -8.951045e-08 5.262267e-14 4.770808e-08 4.180232e-08 -3.341884e-03 1.964674e-09 1.000000e+00 4.621172e-01
2.046200e+00 5.350478e-06 5.350478e-06 5.816101e-01 2.689414e-01 -9.016685e-08 2.444458e-13 4.805461e-08 4.211200e-08 -3.370422e-03 9.137345e-09 1.000000e+00 4.621172e-01
2.047600e+00 5.344084e-06 5.344084e-06 5.816074e-01 2.689414e-01 -9.083055e-08 9.949091e-14 4.840508e-08 4.242536e-08 -3.399293e-03 3.723404e-09 1.000000e+00 4.621172e-01
2.049000e+00 5.337703e-06 5.337703e-06 5.816047e-01 2.689414e-01 -9.150258e-08 5.312995e-13 4.875957e-08 4.274248e-08 -3.428538e-03 1.990742e-08 1.000000e+00 4.621172e-01
2.050400e+00 5.331335e-06 5.331335e-06 5.816019e-01 2.689414e-01 -9.218157e-08 3.309600e-14 4.911812e-08 4.306342e-08 -3.458105e-03 1.241565e-09 1.000000e+00 4.621172e-01
2.051800e+00 5.324979e-06 5.324979e-06 5.815991e-01 2.689414e-01 -9.286932e-08 2.942924e-13 4.948080e-08 4.338823e-08 -3.488063e-03 1.105328e-08 1.000000e+00 4.621172e-01
2.053200e+00 5.318637e-06 5.318637e-06 5.815963e-01 2.689414e-01 -9.356474e-08 8.689729e-14 4.984768e-08 4.371698e-08 -3.518373e-03 3.267653e-09 1.000000e+00 4.621172e-01
2.054600e+00 5.312307e-06 5.312307e-06 5.815934e-01 2.689414e-01 -9.427015e-08 1.599800e-12 5.021883e-08 4.404972e-08 -3.549123e-03 6.022994e-08 1.000000e+00 4.621172e-01
2.056000e+00 5.305990e-06 5.305990e-06 5.815906e-01 2.689414e-01 -9.498086e-08 9.994712e-15 5.059431e-08 4.438654e-08 -3.580137e-03 3.767331e-10 1.000000e+00 4.621172e-01
2.057400e+00 5.299686e-06 5.299686e-06 5.815876e-01 2.689414e-01 -9.570174e-08 5.618810e-14 5.097419e-08 4.472749e-08 -3.611600e-03 2.120431e-09 1.000000e+00 4.621172e-01
2.058800e+00 5.293396e-06 5.293396e-06 5.815847e-01 2.689414e-01 -9.643202e-08 8.274338e-13 5.135855e-08 4.507264e-08 -3.643484e-03 3.126287e-08 1.000000e+00 4.621172e-01
2.060200e+00 5.287117e-06 5.287117e-06 5.815815e-01 2.689415e-01 -9.720643e-08 3.693543e-11 5.174745e-08 4.542205e-08 -3.677105e-03 1.397186e-06 1.000000e+00 4.621170e-01
2.061600e+00 5.280852e-06 5.280852e-06 5.815787e-01 2.689414e-01 -9.791689e-08 8.544545e-14 5.214099e-08 4.577581e-08 -3.708374e-03 3.236048e-09 1.000000e+00 4.621172e-01
2.063000e+00 5.274600e-06 5.274600e-06 5.815756e-01 2.689414e-01 -9.868028e-08 7.084702e-12 5.253921e-08 4.613398e-08 -3.741716e-03 2.686347e-07 1.000000e+00 4.621171e-01
2.064400e+00 5.268361e-06 5.268361e-06 5.815725e-01 2.689414e-01 -9.944064e-08 1.776864e-12 5.294222e-08 4.649664e-08 -3.775012e-03 6.745415e-08 1.000000e+00 4.621172e-01
2.065800e+00 5.262134e-06 5.262134e-06 5.815694e-01 2.689414e-01 -1.002148e-07 8.321722e-13 5.335007e-08 4.686386e-08 -3.808902e-03 3.162869e-08 1.000000e+00 4.621172e-01
2.067200e+00 5.255921e-06 5.255921e-06 5.815662e-01 2.689414e-01 -1.009988e-07 2.612337e-13 5.376287e-08 4.723572e-08 -3.843241e-03 9.940550e-09 1.000000e+00 4.621172e-01
2.068600e+00 5.249720e-06 5.249720e-06 5.815630e-01 2.689414e-01 -1.017930e-07 5.763609e-14 5.418067e-08 4.761229e-08 -3.878036e-03 2.195778e-09 1.000000e+00 4.621172e-01
2.070000e+00 5.243533e-06 5.243533e-06 5.815597e-01 2.689414e-01 -1.025973e-07 9.042689e-14 5.460358e-08 4.799366e-08 -3.913291e-03 3.449083e-09 1.000000e+00 4.621172e-01
2.071400e+00 5.237358e-06 5.237358e-06 5.815563e-01 2.689414e-01 -1.034269e-07 1.529203e-11 5.503167e-08 4.837990e-08 -3.949582e-03 5.839598e-07 1.000000e+00 4.621171e-01
2.072800e+00 5.231196e-06 5.231196e-06 5.815531e-01 2.689414e-01 -1.042363e-07 1.142502e-13 5.546504e-08 4.877112e-08 -3.985179e-03 4.368033e-09 1.000000e+00 4.621172e-01
2.074200e+00 5.225047e-06 5.225047e-06 5.815497e-01 2.689414e-01 -1.050712e-07 3.853070e-14 5.590378e-08 4.916737e-08 -4.021827e-03 1.474846e-09 1.000000e+00 4.621172e-01
2.075600e+00 5.218911e-06 5.218911e-06 5.815462e-01 2.689414e-01 -1.059209e-07 4.173913e-12 5.634796e-08 4.956876e-08 -4.059118e-03 1.599534e-07 1.000000e+00 4.621171e-01
2.077000e+00 5.212788e-06 5.212788e-06 5.815428e-01 2.689414e-01 -1.067733e-07 2.593353e-13 5.679769e-08 4.997537e-08 -4.096591e-03 9.949965e-09 1.000000e+00 4.621172e-01
2.078400e+00 5.206679e-06 5.206679e-06 5.815393e-01 2.689414e-01 -1.076407e-07 3.231330e-13 5.725307e-08 5.038729e-08 -4.134716e-03 1.241225e-08 1.000000e+00 4.621172e-01
2.079800e+00 5.200582e-06 5.200582e-06 5.815357e-01 2.689414e-01 -1.085190e-07 2.024027e-13 5.771419e-08 5.080463e-08 -4.173342e-03 7.783849e-09 1.000000e+00 4.621172e-01
2.081200e+00 5.194498e-06 5.194498e-06 5.815321e-01 2.689414e-01 -1.094087e-07 9.446103e-14 5.818115e-08 5.122746e-08 -4.212484e-03 3.636965e-09 1.000000e+00 4.621172e-01
2.082600e+00 5.188427e-06 5.188427e-06 5.815285e-01 2.689414e-01 -1.103100e-07 7.780245e-14 5.865404e-08 5.165589e-08 -4.252156e-03 2.999077e-09 1.000000e+00 4.621172e-01
2.084000e+00 5.182369e-06 5.182369e-06 5.815248e-01 2.689414e-01 -1.112238e-07 7.859467e-13 5.913299e-08 5.209002e-08 -4.292392e-03 3.033156e-08 1.000000e+00 4.621172e-01
2.085400e+00 5.176324e-06 5.176324e-06 5.815210e-01 2.689414e-01 -1.121482e-07 1.668649e-13 5.961808e-08 5.252995e-08 -4.333121e-03 6.447235e-09 1.000000e+00 4.621172e-01
2.086800e+00 5.170292e-06 5.170292e-06 5.815172e-01 2.689414e-01 -1.130853e-07 9.722480e-14 6.010944e-08 5.297578e-08 -4.374426e-03 3.760901e-09 1.000000e+00 4.621172e-01
2.088200e+00 5.164274e-06 5.164274e-06 5.815134e-01 2.689414e-01 -1.140356e-07 7.996067e-13 6.060717e-08 5.342762e-08 -4.416326e-03 3.096686e-08 1.000000e+00 4.621172e-01
2.089600e+00 5.158268e-06 5.158268e-06 5.815095e-01 2.689414e-01 -1.149970e-07 9.407679e-15 6.111138e-08 5.388557e-08 -4.458743e-03 3.647612e-10 1.000000e+00 4.621172e-01
2.091000e+00 5.152276e-06 5.152276e-06 5.815055e-01 2.689414e-01 -1.159727e-07 7.005911e-13 6.162219e-08 5.434976e-08 -4.501803e-03 2.719541e-08 1.000000e+00 4.621172e-01
2.092400e+00 5.146296e-06 5.146296e-06 5.815015e-01 2.689414e-01 -1.169602e-07 1.982770e-13 6.213972e-08 5.482029e-08 -4.545413e-03 7.705621e-09 1.000000e+00 4.621172e-01
2.093800e+00 5.140330e-06 5.140330e-06 5.814975e-01 2.689414e-01 -1.179614e-07 7.697455e-14 6.266410e-08 5.529727e-08 -4.589645e-03 2.994926e-09 1.000000e+00 4.621172e-01
2.095200e+00 5.134377e-06 5.134377e-06 5.814934e-01 2.689414e-01 -1.189763e-07 4.840807e-14 6.319543e-08 5.578083e-08 -4.634499e-03 1.885645e-09 1.000000e+00 4.621172e-01
2.096600e+00 5.128437e-06 5.128437e-06 5.814892e-01 2.689414e-01 -1.200051e-07 1.169025e-13 6.373386e-08 5.627109e-08 -4.679986e-03 4.558990e-09 1.000000e+00 4.621172e-01
2.098000e+00 5.122511e-06 5.122511e-06 5.814850e-01 2.689414e-01 -1.210491e-07 1.419976e-12 6.427951e-08 5.676817e-08 -4.726163e-03 5.544062e-08 1.000000e+00 4.621172e-01
2.099400e+00 5.116597e-06 5.116597e-06 5.814807e-01 2.689414e-01 -1.221049e-07 1.450975e-13 6.483252e-08 5.727220e-08 -4.772893e-03 5.671639e-09 1.000000e+00 4.621172e-01
2.100800e+00 5.110697e-06 5.110697e-06 5.814764e-01 2.689414e-01 -1.231765e-07 1.885912e-13 6.539301e-08 5.778330e-08 -4.820341e-03 7.380254e-09 1.000000e+00 4.621172e-01
2.102200e+00 5.104810e-06 5.104810e-06 5.814720e-01 2.689414e-01 -1.242628e-07 5.496153e-14 6.596114e-08 5.830162e-08 -4.868460e-03 2.153323e-09 1.000000e+00 4.621172e-01
2.103600e+00 5.098937e-06 5.098937e-06 5.814675e-01 2.689414e-01 -1.253644e-07 1.244181e-13 6.653703e-08 5.882729e-08 -4.917278e-03 4.880158e-09 1.000000e+00 4.621172e-01
2.105000e+00 5.093077e-06 5.093077e-06 5.814629e-01 2.689415e-01 -1.265138e-07 3.252691e-11 6.712083e-08 5.936044e-08 -4.968070e-03 1.277299e-06 1.000000e+00 4.621170e-01
2.106400e+00 5.087230e-06 5.087230e-06 5.814584e-01 2.689414e-01 -1.276140e-07 3.038562e-14 6.771272e-08 5.990124e-08 -5.017032e-03 1.194584e-09 1.000000e+00 4.621172e-01
2.107800e+00 5.081397e-06 5.081397e-06 5.814538e-01 2.689414e-01 -1.287676e-07 4.970289e-12 6.831282e-08 6.044980e-08 -5.068196e-03 1.956269e-07 1.000000e+00 4.621171e-01
2.109200e+00 5.075577e-06 5.075577e-06 5.814491e-01 2.689414e-01 -1.299278e-07 1.794842e-13 6.892130e-08 6.100630e-08 -5.119724e-03 7.072463e-09 1.000000e+00 4.621172e-01
2.110600e+00 5.069771e-06 5.069771e-06 5.814443e-01 2.689414e-01 -1.311094e-07 2.464984e-13 6.953831e-08 6.157087e-08 -5.172203e-03 9.724241e-09 1.000000e+00 4.621172e-01
2.112000e+00 5.063978e-06 5.063978e-06 5.814394e-01 2.689414e-01 -1.323082e-07 5.265430e-13 7.016402e-08 6.214369e-08 -5.225466e-03 2.079563e-08 1.000000e+00 4.621172e-01
2.113400e+00 5.058199e-06 5.058199e-06 5.814345e-01 2.689414e-01 -1.335237e-07 2.469427e-13 7.079859e-08 6.272490e-08 -5.279497e-03 9.764054e-09 1.000000e+00 4.621172e-01
2.114800e+00 5.052434e-06 5.052434e-06 5.814295e-01 2.689414e-01 -1.347576e-07 7.470342e-13 7.144221e-08 6.331467e-08 -5.334365e-03 2.957126e-08 1.000000e+00 4.621172e-01
2.116200e+00 5.046682e-06 5.046682e-06 5.814245e-01 2.689414e-01 -1.360082e-07 7.299540e-15 7.209505e-08 6.391318e-08 -5.390006e-03 2.892808e-10 1.000000e+00 4.621172e-01
2.117600e+00 5.040944e-06 5.040944e-06 5.814193e-01 2.689414e-01 -1.372779e-07 5.605980e-14 7.275728e-08 6.452060e-08 -5.446517e-03 2.224179e-09 1.000000e+00 4.621172e-01
2.119000e+00 5.035219e-06 5.035219e-06 5.814141e-01 2.689414e-01 -1.385666e-07 3.748397e-13 7.342909e-08 6.513710e-08 -5.503894e-03 1.488871e-08 1.000000e+00 4.621172e-01
2.120400e+00 5.029509e-06 5.029509e-06 5.814089e-01 2.689414e-01 -1.398741e-07 6.017202e-13 7.411067e-08 6.576287e-08 -5.562139e-03 2.392759e-08 1.000000e+00 4.621172e-01
2.121800e+00 5.023812e-06 5.023812e-06 5.814035e-01 2.689414e-01 -1.412006e-07 2.418792e-13 7.480222e-08 6.639809e-08 -5.621252e-03 9.629308e-09 1.000000e+00 4.621172e-01
2.123200e+00 5.018129e-06 5.018129e-06 5.813980e-01 2.689414e-01 -1.425471e-07 2.090615e-13 7.550394e-08 6.704296e-08 -5.681285e-03 8.332247e-09 1.000000e+00 4.621172e-01
2.124600e+00 5.012460e-06 5.012460e-06 5.813925e-01 2.689414e-01 -1.439138e-07 7.952743e-14 7.621603e-08 6.769766e-08 -5.742241e-03 3.173189e-09 1.000000e+00 4.621172e-01
2.126000e+00 5.006805e-06 5.006805e-06 5.813869e-01 2.689414e-01 -1.453012e-07 1.251719e-13 7.693869e-08 6.836241e-08 -5.804149e-03 5.000070e-09 1.000000e+00 4.621172e-01
2.127400e+00 5.001165e-06 5.001165e-06 5.813812e-01 2.689414e-01 -1.467113e-07 1.751830e-12 7.767215e-08 6.903741e-08 -5.867086e-03 7.005689e-08 1.000000e+00 4.621172e-01
2.128800e+00 4.995538e-06 4.995538e-06 5.813754e-01 2.689414e-01 -1.481396e-07 9.440115e-14 7.841663e-08 6.972287e-08 -5.930877e-03 3.779419e-09 1.000000e+00 4.621172e-01
2.130200e+00 4.989925e-06 4.989925e-06 5.813695e-01 2.689415e-01 -1.496073e-07 1.595266e-11 7.917234e-08 7.041901e-08 -5.996374e-03 6.393946e-07 1.000000e+00 4.621171e-01
2.131600e+00 4.984327e-06 4.984327e-06 5.813636e-01 2.689414e-01 -1.510665e-07 9.040841e-13 7.993953e-08 7.112605e-08 -6.061660e-03 3.627708e-08 1.000000e+00 4.621172e-01
2.133000e+00 4.978743e-06 4.978743e-06 5.813576e-01 2.689414e-01 -1.525628e-07 9.714601e-14 8.071843e-08 7.184423e-08 -6.128565e-03 3.902431e-09 1.000000e+00 4.621172e-01
2.134400e+00 4.973174e-06 4.973174e-06 5.813514e-01 2.689414e-01 -1.540934e-07 1.031955e-11 8.150928e-08 7.257376e-08 -6.196983e-03 4.150086e-07 1.000000e+00 4.621171e-01
2.135800e+00 4.967619e-06 4.967619e-06 5.813452e-01 2.689414e-01 -1.556273e-07 3.131657e-14 8.231235e-08 7.331491e-08 -6.265670e-03 1.260828e-09 1.000000e+00 4.621172e-01
2.137200e+00 4.962078e-06 4.962078e-06 5.813388e-01 2.689414e-01 -1.571968e-07 9.891201e-13 8.312787e-08 7.406791e-08 -6.335925e-03 3.986717e-08 1.000000e+00 4.621172e-01
2.138600e+00 4.956552e-06 4.956552e-06 5.813324e-01 2.689414e-01 -1.587901e-07 1.002633e-12 8.395613e-08 7.483301e-08 -6.407282e-03 4.045687e-08 1.000000e+00 4.621172e-01
2.140000e+00 4.951041e-06 4.951041e-06 5.813259e-01 2.689414e-01 -1.604087e-07 7.823288e-13 8.479738e-08 7.561049e-08 -6.479795e-03 3.160260e-08 1.000000e+00 4.621172e-01
2.141400e+00 4.945544e-06 4.945544e-06 5.813192e-01 2.689414e-01 -1.620526e-07 1.117567e-13 8.565191e-08 7.640061e-08 -6.553480e-03 4.519488e-09 1.000000e+00 4.621172e-01
2.142800e+00 4.940063e-06 4.940063e-06 5.813125e-01 2.689414e-01 -1.637237e-07 4.664867e-14 8.652001e-08 7.720364e-08 -6.628405e-03 1.888586e-09 1.000000e+00 4.621172e-01
2.144200e+00 4.934596e-06 4.934596e-06 5.813056e-01 2.689414e-01 -1.654221e-07 2.479054e-13 8.740196e-08 7.801987e-08 -6.704584e-03 1.004765e-08 1.000000e+00 4.621172e-01
2.145600e+00 4.929144e-06 4.929144e-06 5.812987e-01 2.689414e-01 -1.671478e-07 1.941133e-13 8.829807e-08 7.884958e-08 -6.782023e-03 7.876147e-09 1.000000e+00 4.621172e-01
2.147000e+00 4.923708e-06 4.923708e-06 5.812916e-01 2.689414e-01 -1.689020e-07 2.165576e-13 8.920865e-08 7.969309e-08 -6.860763e-03 8.796525e-09 1.000000e+00 4.621172e-01
2.148400e+00 4.918287e-06 4.918287e-06 5.812844e-01 2.689414e-01 -1.706853e-07 5.410379e-13 9.013403e-08 8.055068e-08 -6.940842e-03 2.200107e-08 1.000000e+00 4.621172e-01
2.149800e+00 4.912881e-06 4.912881e-06 5.812770e-01 2.689414e-01 -1.724989e-07 1.655435e-12 9.107451e-08 8.142269e-08 -7.022311e-03 6.739161e-08 1.000000e+00 4.621172e-01
2.151200e+00 4.907490e-06 4.907490e-06 5.812696e-01 2.689414e-01 -1.743399e-07 2.400676e-14 9.203046e-08 8.230944e-08 -7.105055e-03 9.783725e-10 1.000000e+00 4.621172e-01
2.152600e+00 4.902115e-06 4.902115e-06 5.812616e-01 2.689416e-01 -1.763213e-07 1.079689e-10 9.300216e-08 8.321122e-08 -7.193685e-03 4.404992e-06 1.000000e+00 4.621168e-01
2.154000e+00 4.896755e-06 4.896755e-06 5.812543e-01 2.689414e-01 -1.781245e-07 5.875717e-12 9.399010e-08 8.412848e-08 -7.275203e-03 2.399841e-07 1.000000e+00 4.621171e-01
2.155400e+00 4.891412e-06 4.891412e-06 5.812464e-01 2.689415e-01 -1.801025e-07 4.657268e-11 9.499451e-08 8.506147e-08 -7.364031e-03 1.904263e-06 1.000000e+00 4.621170e-01
2.156800e+00 4.886084e-06 4.886084e-06 5.812386e-01 2.689414e-01 -1.820294e-07 2.897639e-12 9.601585e-08 8.601061e-08 -7.450930e-03 1.186078e-07 1.000000e+00 4.621171e-01
2.158200e+00 4.880772e-06 4.880772e-06 5.812305e-01 2.689414e-01 -1.840308e-07 4.182748e-14 9.705446e-08 8.697625e-08 -7.541050e-03 1.713970e-09 1.000000e+00 4.621172e-01
2.159600e+00 4.875477e-06 4.875477e-06 5.812223e-01 2.689414e-01 -1.860696e-07 1.605875e-14 9.811076e-08 8.795877e-08 -7.632876e-03 6.587560e-10 1.000000e+00 4.621172e-01
2.161000e+00 4.870197e-06 4.870197e-06 5.812139e-01 2.689414e-01 -1.881439e-07 1.210855e-13 9.918516e-08 8.895859e-08 -7.726335e-03 4.972508e-09 1.000000e+00 4.621172e-01
2.162400e+00 4.864934e-06 4.864934e-06 5.812054e-01 2.689414e-01 -1.902543e-07 1.387374e-13 1.002781e-07 8.997610e-08 -7.821455e-03 5.703569e-09 1.000000e+00 4.621172e-01
2.163800e+00 4.859688e-06 4.859688e-06 5.811967e-01 2.689414e-01 -1.924020e-07 3.619311e-13 1.013899e-07 9.101172e-08 -7.918288e-03 1.489524e-08 1.000000e+00 4.621172e-01
2.165200e+00 4.854458e-06 4.854458e-06 5.811879e-01 2.689414e-01 -1.945872e-07 9.692270e-14 1.025212e-07 9.206590e-08 -8.016846e-03 3.993142e-09 1.000000e+00 4.621172e-01
2.166600e+00 4.849245e-06 4.849245e-06 5.811789e-01 2.689414e-01 -1.968212e-07 9.815500e-12 1.036724e-07 9.313907e-08 -8.117604e-03 4.048259e-07 1.000000e+00 4.621171e-01
2.168000e+00 4.844049e-06 4.844049e-06 5.811698e-01 2.689414e-01 -1.990756e-07 1.888559e-14 1.048438e-07 9.423170e-08 -8.219387e-03 7.797439e-10 1.000000e+00 4.621172e-01
2.169400e+00 4.838870e-06 4.838870e-06 5.811605e-01 2.689414e-01 -2.013807e-07 2.537263e-13 1.060362e-07 9.534425e-08 -8.323458e-03 1.048700e-08 1.000000e+00 4.621172e-01
2.170800e+00 4.833709e-06 4.833709e-06 5.811510e-01 2.689414e-01 -2.037279e-07 9.016392e-13 1.072498e-07 9.647723e-08 -8.429467e-03 3.730631e-08 1.000000e+00 4.621172e-01
2.172200e+00 4.828565e-06 4.828565e-06 5.811414e-01 2.689414e-01 -2.061169e-07 4.477761e-13 1.084853e-07 9.763112e-08 -8.537397e-03 1.854696e-08 1.000000e+00 4.621172e-01
2.173600e+00 4.823438e-06 4.823438e-06 5.811316e-01 2.689414e-01 -2.085505e-07 8.377536e-13 1.097432e-07 9.880645e-08 -8.647379e-03 3.473678e-08 1.000000e+00 4.621172e-01
2.175000e+00 4.818330e-06 4.818330e-06 5.811216e-01 2.689414e-01 -2.110279e-07 1.315975e-13 1.110240e-07 1.000038e-07 -8.759381e-03 5.462369e-09 1.000000e+00 4.621172e-01
2.176400e+00 4.813240e-06 4.813240e-06 5.811114e-01 2.689414e-01 -2.135547e-07 2.758625e-12 1.123284e-07 1.012236e-07 -8.873639e-03 1.146266e-07 1.000000e+00 4.621171e-01
2.177800e+00 4.808167e-06 4.808167e-06 5.811008e-01 2.689415e-01 -2.161884e-07 6.514074e-11 1.136568e-07 1.024665e-07 -8.992551e-03 2.709587e-06 1.000000e+00 4.621169e-01
2.179200e+00 4.803114e-06 4.803114e-06 5.810904e-01 2.689414e-01 -2.187433e-07 2.081616e-13 1.150100e-07 1.037331e-07 -9.108398e-03 8.667776e-09 1.000000e+00 4.621172e-01
2.180600e+00 4.798079e-06 4.798079e-06 5.810797e-01 2.689414e-01 -2.214134e-07 9.133723e-13 1.163885e-07 1.050240e-07 -9.229255e-03 3.807242e-08 1.000000e+00 4.621172e-01
2.182000e+00 4.793062e-06 4.793062e-06 5.810687e-01 2.689414e-01 -2.241329e-07 1.212982e-13 1.177930e-07 1.063398e-07 -9.352390e-03 5.061406e-09 1.000000e+00 4.621172e-01
2.183400e+00 4.788065e-06 4.788065e-06 5.810575e-01 2.689414e-01 -2.269054e-07 7.236429e-14 1.192241e-07 1.076812e-07 -9.477957e-03 3.022694e-09 1.000000e+00 4.621172e-01
2.184800e+00 4.783088e-06 4.783088e-06 5.810461e-01 2.689414e-01 -2.297314e-07 7.163162e-14 1.206826e-07 1.090488e-07 -9.605989e-03 2.995204e-09 1.000000e+00 4.621172e-01
2.186200e+00 4.778129e-06 4.778129e-06 5.810345e-01 2.689414e-01 -2.326243e-07 1.188814e-11 1.221691e-07 1.104433e-07 -9.737043e-03 4.976064e-07 1.000000e+00 4.621171e-01
2.187600e+00 4.773191e-06 4.773191e-06 5.810226e-01 2.689415e-01 -2.355663e-07 1.647192e-11 1.236843e-07 1.118654e-07 -9.870388e-03 6.901850e-07 1.000000e+00 4.621171e-01
2.189000e+00 4.768273e-06 4.768273e-06 5.810106e-01 2.689414e-01 -2.385466e-07 1.514851e-12 1.252292e-07 1.133159e-07 -1.000558e-02 6.353878e-08 1.000000e+00 4.621172e-01
2.190400e+00 4.763375e-06 4.763375e-06 5.809983e-01 2.689414e-01 -2.416081e-07 8.186344e-12 1.268043e-07 1.147956e-07 -1.014441e-02 3.437203e-07 1.000000e+00 4.621171e-01
2.191800e+00 4.758498e-06 4.758498e-06 5.809857e-01 2.689414e-01 -2.447169e-07 1.237046e-12 1.284106e-07 1.163051e-07 -1.028547e-02 5.199311e-08 1.000000e+00 4.621172e-01
2.193200e+00 4.753642e-06 4.753642e-06 5.809729e-01 2.689414e-01 -2.478943e-07 1.797963e-13 1.300488e-07 1.178453e-07 -1.042966e-02 7.564572e-09 1.000000e+00 4.621172e-01
2.194600e+00 4.748807e-06 4.748807e-06 5.809598e-01 2.689414e-01 -2.511371e-07 7.671801e-14 1.317199e-07 1.194171e-07 -1.057685e-02 3.231044e-09 1.000000e+00 4.621172e-01
2.196000e+00 4.743994e-06 4.743994e-06 5.809465e-01 2.689414e-01 -2.544470e-07 9.409220e-13 1.334247e-07 1.210214e-07 -1.072712e-02 3.966793e-08 1.000000e+00 4.621172e-01
2.197400e+00 4.739202e-06 4.739202e-06 5.809329e-01 2.689414e-01 -2.578236e-07 5.651455e-13 1.351641e-07 1.226590e-07 -1.088047e-02 2.384982e-08 1.000000e+00 4.621172e-01
2.198800e+00 4.734433e-06 4.734433e-06 5.809189e-01 2.689415e-01 -2.612950e-07 2.505747e-11 1.369392e-07 1.243308e-07 -1.103807e-02 1.058521e-06 1.000000e+00 4.621171e-01
2.200200e+00 4.729686e-06 4.729686e-06 5.809048e-01 2.689414e-01 -2.647894e-07 7.636942e-13 1.387509e-07 1.260378e-07 -1.119691e-02 3.229365e-08 1.000000e+00 4.621172e-01
2.201600e+00 4.724963e-06 4.724963e-06 5.808904e-01 2.689414e-01 -2.683813e-07 6.308121e-14 1.406001e-07 1.277811e-07 -1.136014e-02 2.670125e-09 1.000000e+00 4.621172e-01
2.203000e+00 4.720263e-06 4.720263e-06 5.808756e-01 2.689414e-01 -2.720498e-07 7.140847e-14 1.424881e-07 1.295616e-07 -1.152689e-02 3.025614e-09 1.000000e+00 4.621172e-01
2.204400e+00 4.715586e-06 4.715586e-06 5.808605e-01 2.689414e-01 -2.758022e-07 5.868376e-12 1.444159e-07 1.313804e-07 -1.169747e-02 2.488928e-07 1.000000e+00 4.621171e-01
2.205800e+00 4.710933e-06 4.710933e-06 5.808451e-01 2.689414e-01 -2.796241e-07 7.823606e-13 1.463846e-07 1.332387e-07 -1.187128e-02 3.321467e-08 1.000000e+00 4.621172e-01
2.207200e+00 4.706306e-06 4.706306e-06 5.808293e-01 2.689414e-01 -2.835337e-07 7.633194e-13 1.483954e-07 1.351375e-07 -1.204910e-02 3.243816e-08 1.000000e+00 4.621172e-01
2.208600e+00 4.701703e-06 4.701703e-06 5.808132e-01 2.689414e-01 -2.875284e-07 6.539447e-13 1.504496e-07 1.370781e-07 -1.223082e-02 2.781736e-08 1.000000e+00 4.621172e-01
2.210000e+00 4.697125e-06 4.697125e-06 5.807968e-01 2.689414e-01 -2.916102e-07 1.012663e-13 1.525484e-07 1.390618e-07 -1.241654e-02 4.311840e-09 1.000000e+00 4.621172e-01
2.211400e+00 4.692574e-06 4.692574e-06 5.807800e-01 2.689414e-01 -2.957828e-07 6.495825e-14 1.546931e-07 1.410897e-07 -1.260642e-02 2.768555e-09 1.000000e+00 4.621172e-01
2.212800e+00 4.688049e-06 4.688049e-06 5.807628e-01 2.689414e-01 -3.000483e-07 1.256182e-13 1.568850e-07 1.431632e-07 -1.280056e-02 5.359081e-09 1.000000e+00 4.621172e-01
2.214200e+00 4.683550e-06 4.683550e-06 5.807452e-01 2.689414e-01 -3.044217e-07 1.229248e-11 1.591257e-07 1.452837e-07 -1.299961e-02 5.249212e-07 1.000000e+00 4.621171e-01
2.215600e+00 4.679080e-06 4.679080e-06 5.807273e-01 2.689414e-01 -3.088694e-07 2.085917e-13 1.614166e-07 1.474526e-07 -1.320214e-02 8.915930e-09 1.000000e+00 4.621172e-01
2.217000e+00 4.674636e-06 4.674636e-06 5.806968e-01 2.689470e-01 -3.164488e-07 3.022353e-09 1.637570e-07 1.496695e-07 -1.353897e-02 1.293086e-04 1.000000e+00 4.621060e-01
2.218400e+00 4.670223e-06 4.670223e-06 5.806901e-01 2.689414e-01 -3.180968e-07 4.974242e-14 1.661550e-07 1.519418e-07 -1.362234e-02 2.130195e-09 1.000000e+00 4.621172e-01
2.219800e+00 4.665838e-06 4.665838e-06 5.806709e-01 2.689414e-01 -3.228710e-07 7.534491e-14 1.686058e-07 1.542651e-07 -1.383979e-02 3.229641e-09 1.000000e+00 4.621172e-01
2.221200e+00 4.661483e-06 4.661483e-06 5.806512e-01 2.689414e-01 -3.277567e-07 2.006929e-13 1.711133e-07 1.566432e-07 -1.406234e-02 8.610688e-09 1.000000e+00 4.621172e-01
2.222600e+00 4.657158e-06 4.657158e-06 5.806311e-01 2.689414e-01 -3.327576e-07 7.377194e-13 1.736791e-07 1.590778e-07 -1.429016e-02 3.168110e-08 1.000000e+00 4.621172e-01
2.224000e+00 4.652864e-06 4.652864e-06 5.806104e-01 2.689414e-01 -3.378788e-07 2.943123e-12 1.763053e-07 1.615706e-07 -1.452347e-02 1.265080e-07 1.000000e+00 4.621171e-01
2.225400e+00 4.648603e-06 4.648603e-06 5.805893e-01 2.689414e-01 -3.431292e-07 1.210989e-11 1.789936e-07 1.641235e-07 -1.476268e-02 5.210118e-07 1.000000e+00 4.621171e-01
2.226800e+00 4.644373e-06 4.644373e-06 5.805677e-01 2.689414e-01 -3.484847e-07 2.643275e-14 1.817461e-07 1.667385e-07 -1.500675e-02 1.138270e-09 1.000000e+00 4.621172e-01
2.228200e+00 4.640178e-06 4.640178e-06 5.805456e-01 2.689414e-01 -3.539838e-07 1.148878e-12 1.845649e-07 1.694177e-07 -1.525734e-02 4.951870e-08 1.000000e+00 4.621172e-01
2.229600e+00 4.636016e-06 4.636016e-06 5.805229e-01 2.689414e-01 -3.596157e-07 4.425859e-13 1.874522e-07 1.721631e-07 -1.551400e-02 1.909337e-08 1.000000e+00 4.621172e-01
2.231000e+00 4.631889e-06 4.631889e-06 5.804997e-01 2.689414e-01 -3.653880e-07 9.828110e-13 1.904101e-07 1.749769e-07 -1.577706e-02 4.243672e-08 1.000000e+00 4.621172e-01
2.232400e+00 4.627798e-06 4.627798e-06 5.804759e-01 2.689414e-01 -3.713036e-07 1.024076e-12 1.934411e-07 1.778615e-07 -1.604666e-02 4.425761e-08 1.000000e+00 4.621172e-01
2.233800e+00 4.623744e-06 4.623744e-06 5.804513e-01 2.689415e-01 -3.774250e-07 5.830602e-11 1.965476e-07 1.808191e-07 -1.632551e-02 2.522026e-06 1.000000e+00 4.621169e-01
2.235200e+00 4.619727e-06 4.619727e-06 5.804265e-01 2.689414e-01 -3.835847e-07 3.385231e-14 1.997322e-07 1.838524e-07 -1.660638e-02 1.465555e-09 1.000000e+00 4.621172e-01
2.236600e+00 4.615749e-06 4.615749e-06 5.804008e-01 2.689414e-01 -3.899616e-07 1.943741e-13 2.029974e-07 1.869639e-07 -1.689700e-02 8.422212e-09 1.000000e+00 4.621172e-01
2.238000e+00 4.611811e-06 4.611811e-06 5.803745e-01 2.689414e-01 -3.965106e-07 8.064520e-12 2.063462e-07 1.901564e-07 -1.719544e-02 3.497333e-07 1.000000e+00 4.621171e-01
2.239400e+00 4.607913e-06 4.607913e-06 5.803475e-01 2.689414e-01 -4.032179e-07 3.974131e-12 2.097814e-07 1.934326e-07 -1.750111e-02 1.724916e-07 1.000000e+00 4.621171e-01
2.240800e+00 4.604057e-06 4.604057e-06 5.803197e-01 2.689415e-01 -4.101223e-07 2.099225e-11 2.133059e-07 1.967954e-07 -1.781569e-02 9.119024e-07 1.000000e+00 4.621171e-01
2.242200e+00 4.600244e-06 4.600244e-06 5.802913e-01 2.689414e-01 -4.171718e-07 5.451769e-13 2.169230e-07 2.002482e-07 -1.813694e-02 2.370208e-08 1.000000e+00 4.621172e-01
2.243600e+00 4.596476e-06 4.596476e-06 5.802621e-01 2.689414e-01 -4.244320e-07 2.090968e-12 2.206360e-07 2.037939e-07 -1.846771e-02 9.098136e-08 1.000000e+00 4.621171e-01
2.245000e+00 4.592753e-06 4.592753e-06 5.802321e-01 2.689414e-01 -4.318845e-07 8.915488e-14 2.244484e-07 2.074360e-07 -1.880722e-02 3.882416e-09 1.000000e+00 4.621172e-01
2.246400e+00 4.589077e-06 4.589077e-06 5.802013e-01 2.689414e-01 -4.395430e-07 1.350327e-12 2.283636e-07 2.111781e-07 -1.915606e-02 5.884961e-08 1.000000e+00 4.621172e-01
2.247800e+00 4.585449e-06 4.585449e-06 5.801697e-01 2.689414e-01 -4.474136e-07 4.336496e-12 2.323855e-07 2.150237e-07 -1.951450e-02 1.891416e-07 1.000000e+00 4.621171e-01
2.249200e+00 4.581870e-06 4.581870e-06 5.801371e-01 2.689415e-01 -4.555244e-07 2.944689e-11 2.365181e-07 2.189768e-07 -1.988377e-02 1.285366e-06 1.000000e+00 4.621170e-01
2.250600e+00 4.578342e-06 4.578342e-06 5.800865e-01 2.689494e-01 -4.681127e-07 4.314607e-09 2.407608e-07 2.230373e-07 -2.044901e-02 1.884790e-04 1.000000e+00 4.621012e-01
2.252000e+00 4.574869e-06 4.574869e-06 5.800694e-01 2.689414e-01 -4.723553e-07 1.557940e-12 2.451319e-07 2.272219e-07 -2.065000e-02 6.810860e-08 1.000000e+00 4.621172e-01
2.253400e+00 4.571450e-06 4.571450e-06 5.800340e-01 2.689414e-01 -4.811461e-07 1.751671e-12 2.496219e-07 2.315225e-07 -2.105005e-02 7.663526e-08 1.000000e+00 4.621172e-01
2.254800e+00 4.568086e-06 4.568086e-06 5.799977e-01 2.689414e-01 -4.901884e-07 1.837735e-13 2.542403e-07 2.359479e-07 -2.146143e-02 8.045971e-09 1.000000e+00 4.621172e-01
2.256200e+00 4.564781e-06 4.564781e-06 5.799596e-01 2.689417e-01 -4.996572e-07 1.624907e-10 2.589918e-07 2.405028e-07 -2.189183e-02 7.119321e-06 1.000000e+00 4.621166e-01
2.257600e+00 4.561536e-06 4.561536e-06 5.799217e-01 2.689414e-01 -5.090755e-07 2.999327e-13 2.638823e-07 2.451929e-07 -2.232036e-02 1.315051e-08 1.000000e+00 4.621172e-01
2.259000e+00 4.558353e-06 4.558353e-06 5.798815e-01 2.689417e-01 -5.190640e-07 1.246013e-10 2.689165e-07 2.500229e-07 -2.277419e-02 5.466942e-06 1.000000e+00 4.621167e-01
2.260400e+00 4.555235e-06 4.555235e-06 5.798412e-01 2.689414e-01 -5.291018e-07 2.067505e-12 2.741007e-07 2.549990e-07 -2.323050e-02 9.077489e-08 1.000000e+00 4.621171e-01
2.261800e+00 4.552183e-06 4.552183e-06 5.797991e-01 2.689414e-01 -5.395676e-07 1.312008e-13 2.794407e-07 2.601267e-07 -2.370588e-02 5.764304e-09 1.000000e+00 4.621172e-01
2.263200e+00 4.549200e-06 4.549200e-06 5.797557e-01 2.689414e-01 -5.503554e-07 1.175518e-13 2.849428e-07 2.654124e-07 -2.419570e-02 5.168021e-09 1.000000e+00 4.621172e-01
2.264600e+00 4.546288e-06 4.546288e-06 5.797110e-01 2.689414e-01 -5.614874e-07 1.086831e-11 2.906138e-07 2.708627e-07 -2.470092e-02 4.781178e-07 1.000000e+00 4.621171e-01
2.266000e+00 4.543450e-06 4.543450e-06 5.796649e-01 2.689414e-01 -5.729544e-07 9.313470e-12 2.964607e-07 2.764843e-07 -2.522111e-02 4.099735e-07 1.000000e+00 4.621171e-01
2.267400e+00 4.540690e-06 4.540690e-06 5.796174e-01 2.689414e-01 -5.847830e-07 7.418512e-12 3.024909e-07 2.822847e-07 -2.575745e-02 3.267571e-07 1.000000e+00 4.621171e-01
2.268800e+00 4.538009e-06 4.538009e-06 5.795683e-01 2.689414e-01 -5.969978e-07 1.428459e-11 3.087122e-07 2.882714e-07 -2.631100e-02 6.295531e-07 1.000000e+00 4.621171e-01
2.270200e+00 4.535411e-06 4.535411e-06 5.795177e-01 2.689414e-01 -6.095863e-07 1.052267e-12 3.151327e-07 2.944525e-07 -2.688119e-02 4.640226e-08 1.000000e+00 4.621172e-01
2.271600e+00 4.532899e-06 4.532899e-06 5.794654e-01 2.689414e-01 -6.225977e-07 6.805231e-14 3.217612e-07 3.008365e-07 -2.747018e-02 3.002596e-09 1.000000e+00 4.621172e-01
2.273000e+00 4.530476e-06 4.530476e-06 5.794114e-01 2.689414e-01 -6.360424e-07 3.319046e-12 3.286068e-07 3.074323e-07 -2.807839e-02 1.465208e-07 1.000000e+00 4.621171e-01
2.274400e+00 4.528147e-06 4.528147e-06 5.793540e-01 2.689421e-01 -6.503153e-07 3.879717e-10 3.356784e-07 3.142489e-07 -2.872324e-02 1.713600e-05 1.000000e+00 4.621157e-01
2.275800e+00 4.525914e-06 4.525914e-06 5.792979e-01 2.689414e-01 -6.642880e-07 1.924850e-12 3.429881e-07 3.212979e-07 -2.935486e-02 8.505904e-08 1.000000e+00 4.621172e-01
2.277200e+00 4.523783e-06 4.523783e-06 5.792382e-01 2.689414e-01 -6.791385e-07 5.377252e-12 3.505448e-07 3.285883e-07 -3.002525e-02 2.377325e-07 1.000000e+00 4.621171e-01
2.278600e+00 4.521757e-06 4.521757e-06 5.791765e-01 2.689414e-01 -6.944924e-07 7.334442e-14 3.583606e-07 3.361317e-07 -3.071781e-02 3.244067e-09 1.000000e+00 4.621172e-01
2.280000e+00 4.519841e-06 4.519841e-06 5.791126e-01 2.689414e-01 -7.103887e-07 1.288512e-12 3.664473e-07 3.439401e-07 -3.143424e-02 5.701579e-08 1.000000e+00 4.621172e-01
2.281400e+00 4.518039e-06 4.518039e-06 5.790465e-01 2.689414e-01 -7.268465e-07 2.867197e-12 3.748178e-07 3.520258e-07 -3.217531e-02 1.269222e-07 1.000000e+00 4.621171e-01
2.282800e+00 4.516357e-06 4.516357e-06 5.789781e-01 2.689414e-01 -7.438888e-07 9.146820e-13 3.834856e-07 3.604023e-07 -3.294198e-02 4.050530e-08 1.000000e+00 4.621172e-01
2.284200e+00 4.514800e-06 4.514800e-06 5.789071e-01 2.689414e-01 -7.615499e-07 1.540595e-12 3.924649e-07 3.690835e-07 -3.373571e-02 6.824642e-08 1.000000e+00 4.621172e-01
2.285600e+00 4.513374e-06 4.513374e-06 5.788336e-01 2.689414e-01 -7.798566e-07 1.198380e-12 4.017710e-07 3.780844e-07 -3.455759e-02 5.310350e-08 1.000000e+00 4.621172e-01
2.287000e+00 4.512084e-06 4.512084e-06 5.787573e-01 2.689414e-01 -7.988421e-07 1.378162e-12 4.114198e-07 3.874209e-07 -3.540900e-02 6.108762e-08 1.000000e+00 4.621172e-01
2.288400e+00 4.510938e-06 4.510938e-06 5.786782e-01 2.689414e-01 -8.185388e-07 3.817047e-13 4.214287e-07 3.971097e-07 -3.629129e-02 1.692351e-08 1.000000e+00 4.621172e-01
2.289800e+00 4.509942e-06 4.509942e-06 5.785946e-01 2.689421e-01 -8.393739e-07 3.908461e-10 4.318149e-07 4.071682e-07 -3.722327e-02 1.733264e-05 1.000000e+00 4.621157e-01
2.291200e+00 4.509104e-06 4.509104e-06 5.785108e-01 2.689414e-01 -8.602180e-07 4.627112e-13 4.426001e-07 4.176175e-07 -3.815472e-02 2.052342e-08 1.000000e+00 4.621172e-01
2.292600e+00 4.508431e-06 4.508431e-06 5.784222e-01 2.689415e-01 -8.822995e-07 2.117657e-11 4.538026e-07 4.284757e-07 -3.913998e-02 9.394206e-07 1.000000e+00 4.621171e-01
2.294000e+00 4.507932e-06 4.507932e-06 5.783302e-01 2.689414e-01 -9.052158e-07 5.271853e-12 4.654452e-07 4.397654e-07 -4.016103e-02 2.338923e-07 1.000000e+00 4.621171e-01
2.295400e+00 4.507615e-06 4.507615e-06 5.782344e-01 2.689414e-01 -9.290609e-07 2.798552e-13 4.775513e-07 4.515094e-07 -4.122184e-02 1.241700e-08 1.000000e+00 4.621172e-01
2.296800e+00 4.507489e-06 4.507489e-06 5.781348e-01 2.689414e-01 -9.538783e-07 1.647041e-13 4.901458e-07 4.637324e-07 -4.232415e-02 7.308019e-09 1.000000e+00 4.621172e-01
2.298200e+00 4.507566e-06 4.507566e-06 5.780310e-01 2.689414e-01 -9.797173e-07 1.108785e-12 5.032554e-07 4.764608e-07 -4.346990e-02 4.919664e-08 1.000000e+00 4.621172e-01
2.299600e+00 4.507856e-06 4.507856e-06 5.779230e-01 2.689414e-01 -1.006632e-06 7.112926e-13 5.169088e-07 4.897227e-07 -4.466124e-02 3.155791e-08 1.000000e+00 4.621172e-01
2.301000e+00 4.508369e-06 4.508369e-06 5.778096e-01 2.689418e-01 -1.034886e-06 2.024977e-10 5.311359e-07 5.035478e-07 -4.590956e-02 8.983189e-06 1.000000e+00 4.621164e-01
2.302400e+00 4.509120e-06 4.509120e-06 5.776929e-01 2.689414e-01 -1.063942e-06 1.665000e-12 5.459708e-07 5.179697e-07 -4.719069e-02 7.385034e-08 1.000000e+00 4.621172e-01
2.303800e+00 4.510120e-06 4.510120e-06 5.775704e-01 2.689414e-01 -1.094469e-06 1.627789e-13 5.614473e-07 5.330218e-07 -4.853393e-02 7.218385e-09 1.000000e+00 4.621172e-01
2.305200e+00 4.511385e-06 4.511385e-06 5.774425e-01 2.689414e-01 -1.126345e-06 3.918228e-13 5.776034e-07 5.487414e-07 -4.993346e-02 1.737040e-08 1.000000e+00 4.621172e-01
2.306600e+00 4.512929e-06 4.512929e-06 5.773088e-01 2.689414e-01 -1.159656e-06 7.839180e-12 5.944795e-07 5.651687e-07 -5.139261e-02 3.474099e-07 1.000000e+00 4.621171e-01
2.308000e+00 4.514769e-06 4.514769e-06 5.771690e-01 2.689414e-01 -1.194474e-06 8.168610e-12 6.121191e-07 5.823464e-07 -5.291406e-02 3.618617e-07 1.000000e+00 4.621171e-01
2.309400e+00 4.516922e-06 4.516922e-06 5.770226e-01 2.689415e-01 -1.230951e-06 6.150336e-11 6.305688e-07 6.003207e-07 -5.450397e-02 2.723242e-06 1.000000e+00 4.621169e-01
2.310800e+00 4.519409e-06 4.519409e-06 5.768699e-01 2.689414e-01 -1.269023e-06 1.584531e-12 6.498794e-07 6.191417e-07 -5.615879e-02 7.012117e-08 1.000000e+00 4.621172e-01
2.312200e+00 4.522249e-06 4.522249e-06 5.767096e-01 2.689414e-01 -1.308976e-06 8.621535e-12 6.701047e-07 6.388628e-07 -5.789050e-02 3.812941e-07 1.000000e+00 4.621171e-01
2.313600e+00 4.525464e-06 4.525464e-06 5.765415e-01 2.689414e-01 -1.350847e-06 6.867102e-13 6.913038e-07 6.595421e-07 -5.969980e-02 3.034872e-08 1.000000e+00 4.621172e-01
2.315000e+00 4.529080e-06 4.529080e-06 5.763653e-01 2.689414e-01 -1.394784e-06 1.188143e-12 7.135399e-07 6.812424e-07 -6.159236e-02 5.246729e-08 1.000000e+00 4.621172e-01
2.316400e+00 4.533121e-06 4.533121e-06 5.761802e-01 2.689414e-01 -1.440914e-06 7.634896e-13 7.368819e-07 7.040316e-07 -6.357273e-02 3.368494e-08 1.000000e+00 4.621172e-01
2.317800e+00 4.537616e-06 4.537616e-06 5.759857e-01 2.689414e-01 -1.489389e-06 1.430342e-12 7.614040e-07 7.279832e-07 -6.564631e-02 6.304377e-08 1.000000e+00 4.621172e-01
2.319200e+00 4.542595e-06 4.542595e-06 5.757812e-01 2.689414e-01 -1.540368e-06 4.109093e-12 7.871870e-07 7.531773e-07 -6.781887e-02 1.809139e-07 1.000000e+00 4.621171e-01
2.320600e+00 4.548093e-06 4.548093e-06 5.755660e-01 2.689414e-01 -1.594022e-06 2.650553e-12 8.143188e-07 7.797007e-07 -7.009628e-02 1.165567e-07 1.000000e+00 4.621171e-01
2.322000e+00 4.554146e-06 4.554146e-06 5.753392e-01 2.689414e-01 -1.650556e-06 1.369591e-11 8.428947e-07 8.076478e-07 -7.248588e-02 6.014701e-07 1.000000e+00 4.621171e-01
2.323400e+00 4.560792e-06 4.560792e-06 5.751002e-01 2.689414e-01 -1.710147e-06 6.608051e-12 8.730189e-07 8.371218e-07 -7.499344e-02 2.897765e-07 1.000000e+00 4.621171e-01
2.324800e+00 4.568074e-06 4.568074e-06 5.748477e-01 2.689415e-01 -1.773103e-06 6.349947e-11 9.048045e-07 8.682347e-07 -7.763020e-02 2.780142e-06 1.000000e+00 4.621169e-01
2.326200e+00 4.576042e-06 4.576042e-06 5.745815e-01 2.689414e-01 -1.839491e-06 4.403510e-12 9.383761e-07 9.011102e-07 -8.039659e-02 1.924593e-07 1.000000e+00 4.621171e-01
2.327600e+00 4.584739e-06 4.584739e-06 5.742855e-01 2.689480e-01 -1.913299e-06 3.578571e-09 9.738533e-07 9.358669e-07 -8.346381e-02 1.561080e-04 1.000000e+00 4.621039e-01
2.329000e+00 4.594239e-06 4.594239e-06 5.740007e-01 2.689418e-01 -1.984315e-06 1.873089e-10 1.011431e-06 9.726967e-07 -8.638274e-02 8.154077e-06 1.000000e+00 4.621165e-01
2.330400e+00 4.604589e-06 4.604589e-06 5.736854e-01 2.689414e-01 -2.062947e-06 3.037201e-13 1.051228e-06 1.011719e-06 -8.960396e-02 1.319206e-08 1.000000e+00 4.621172e-01
2.331800e+00 4.615862e-06 4.615862e-06 5.733501e-01 2.689414e-01 -2.146562e-06 2.356236e-13 1.093437e-06 1.053124e-06 -9.300806e-02 1.020930e-08 1.000000e+00 4.621172e-01
2.333200e+00 4.628132e-06 4.628132e-06 5.729941e-01 2.689414e-01 -2.235372e-06 5.499551e-12 1.138257e-06 1.097110e-06 -9.659932e-02 2.376575e-07 1.000000e+00 4.621171e-01
2.334600e+00 4.641484e-06 4.641484e-06 5.726155e-01 2.689414e-01 -2.329800e-06 3.096230e-12 1.185906e-06 1.143891e-06 -1.003903e-01 1.334155e-07 1.000000e+00 4.621171e-01
2.336000e+00 4.656008e-06 4.656008e-06 5.722124e-01 2.689414e-01 -2.430343e-06 8.384066e-12 1.236625e-06 1.193710e-06 -1.043960e-01 3.601397e-07 1.000000e+00 4.621171e-01
2.337400e+00 4.671808e-06 4.671808e-06 5.717828e-01 2.689414e-01 -2.537518e-06 7.000785e-12 1.290682e-06 1.246829e-06 -1.086311e-01 2.997034e-07 1.000000e+00 4.621171e-01
2.338800e+00 4.688996e-06 4.688996e-06 5.713240e-01 2.689415e-01 -2.651974e-06 5.713578e-11 1.348372e-06 1.303545e-06 -1.131148e-01 2.437016e-06 1.000000e+00 4.621169e-01
2.340200e+00 4.707697e-06 4.707697e-06 5.708340e-01 2.689414e-01 -2.774217e-06 4.373879e-12 1.410028e-06 1.364185e-06 -1.178588e-01 1.858182e-07 1.000000e+00 4.621171e-01
2.341600e+00 4.728050e-06 4.728050e-06 5.703047e-01 2.689436e-01 -2.906270e-06 1.154407e-09 1.476009e-06 1.429106e-06 -1.229373e-01 4.883225e-05 1.000000e+00 4.621129e-01
2.343000e+00 4.750219e-06 4.750219e-06 5.697466e-01 2.689415e-01 -3.045528e-06 4.044052e-11 1.546747e-06 1.498740e-06 -1.282269e-01 1.702680e-06 1.000000e+00 4.621170e-01
2.344400e+00 4.774372e-06 4.774372e-06 5.691427e-01 2.689414e-01 -3.196211e-06 6.348071e-12 1.622682e-06 1.573523e-06 -1.338903e-01 2.659228e-07 1.000000e+00 4.621171e-01
2.345800e+00 4.800699e-06 4.800699e-06 5.684809e-01 2.689471e-01 -3.361361e-06 3.097543e-09 1.704313e-06 1.653951e-06 -1.400363e-01 1.290455e-04 1.000000e+00 4.621057e-01
2.347200e+00 4.829450e-06 4.829450e-06 5.677932e-01 2.689414e-01 -3.532965e-06 1.315996e-12 1.792293e-06 1.740671e-06 -1.463092e-01 5.449879e-08 1.000000e+00 4.621172e-01
2.348600e+00 4.860846e-06 4.860846e-06 5.670379e-01 2.689414e-01 -3.721473e-06 1.226610e-12 1.887205e-06 1.834266e-06 -1.531204e-01 5.046898e-08 1.000000e+00 4.621172e-01
2.350000e+00 4.895182e-06 4.895182e-06 5.662211e-01 2.689414e-01 -3.925315e-06 1.303486e-12 1.989815e-06 1.935498e-06 -1.603746e-01 5.325586e-08 1.000000e+00 4.621172e-01
2.351400e+00 4.932777e-06 4.932777e-06 5.653362e-01 2.689414e-01 -4.146177e-06 9.410463e-12 2.100964e-06 2.045203e-06 -1.681072e-01 3.815483e-07 1.000000e+00 4.621171e-01
2.352800e+00 4.973997e-06 4.973997e-06 5.643756e-01 2.689414e-01 -4.385948e-06 5.382915e-12 2.221608e-06 2.164334e-06 -1.763551e-01 2.164423e-07 1.000000e+00 4.621171e-01
2.354200e+00 5.019259e-06 5.019259e-06 5.633305e-01 2.689414e-01 -4.646824e-06 8.899157e-12 2.352839e-06 2.293976e-06 -1.851598e-01 3.546005e-07 1.000000e+00 4.621171e-01
2.355600e+00 5.069040e-06 5.069040e-06 5.621910e-01 2.689414e-01 -4.931282e-06 3.238675e-12 2.495905e-06 2.435374e-06 -1.945647e-01 1.277826e-07 1.000000e+00 4.621171e-01
2.357000e+00 5.123889e-06 5.123889e-06 5.609456e-01 2.689414e-01 -5.242195e-06 2.818412e-13 2.652239e-06 2.589955e-06 -2.046178e-01 1.100106e-08 1.000000e+00 4.621172e-01
2.358400e+00 5.184437e-06 5.184437e-06 5.595810e-01 2.689415e-01 -5.582883e-06 2.352815e-11 2.823493e-06 2.759366e-06 -2.153709e-01 9.076455e-07 1.000000e+00 4.621171e-01
2.359800e+00 5.251413e-06 5.251413e-06 5.580822e-01 2.689415e-01 -5.957104e-06 1.870261e-11 3.011576e-06 2.945510e-06 -2.268762e-01 7.122887e-07 1.000000e+00 4.621171e-01
2.361200e+00 5.325666e-06 5.325666e-06 5.564313e-01 2.689415e-01 -6.369330e-06 3.665019e-11 3.218700e-06 3.150594e-06 -2.391937e-01 1.376361e-06 1.000000e+00 4.621170e-01
2.362600e+00 5.408182e-06 5.408182e-06 5.546078e-01 2.689415e-01 -6.824672e-06 3.884439e-11 3.447444e-06 3.377189e-06 -2.523832e-01 1.436505e-06 1.000000e+00 4.621170e-01
2.364000e+00 5.500114e-06 5.500114e-06 5.525876e-01 2.689414e-01 -7.329137e-06 1.424144e-11 3.700821e-06 3.628302e-06 -2.665085e-01 5.178597e-07 1.000000e+00 4.621171e-01
2.365400e+00 5.602815e-06 5.602815e-06 5.503425e-01 2.689414e-01 -7.889824e-06 2.312783e-12 3.982363e-06 3.907459e-06 -2.816378e-01 8.255790e-08 1.000000e+00 4.621171e-01
2.366800e+00 5.717881e-06 5.717881e-06 5.478391e-01 2.689414e-01 -8.515055e-06 3.869451e-12 4.296233e-06 4.218818e-06 -2.978395e-01 1.353456e-07 1.000000e+00 4.621171e-01
2.368200e+00 5.847198e-06 5.847198e-06 5.450380e-01 2.689415e-01 -9.214667e-06 1.755839e-11 4.647354e-06 4.567295e-06 -3.151823e-01 6.005744e-07 1.000000e+00 4.621171e-01
2.369600e+00 5.993007e-06 5.993007e-06 5.418923e-01 2.689416e-01 -1.000039e-05 8.656640e-11 5.041571e-06 4.958732e-06 -3.337353e-01 2.888914e-06 1.000000e+00 4.621168e-01
2.371000e+00 6.157981e-06 6.157981e-06 5.383461e-01 2.689419e-01 -1.088621e-05 2.641323e-10 5.485853e-06 5.400095e-06 -3.535643e-01 8.578536e-06 1.000000e+00 4.621162e-01
2.372400e+00 6.345325e-06 6.345325e-06 5.343345e-01 2.689415e-01 -1.188834e-05 4.570009e-11 5.988557e-06 5.899740e-06 -3.747119e-01 1.440433e-06 1.000000e+00 4.621170e-01
2.373800e+00 6.558883e-06 6.558883e-06 5.297751e-01 2.689414e-01 -1.302739e-05 2.266418e-12 6.559697e-06 6.467686e-06 -3.972440e-01 6.910987e-08 1.000000e+00 4.621171e-01
2.375200e+00 6.803299e-06 6.803299e-06 5.245715e-01 2.689415e-01 -1.432746e-05 5.892272e-11 7.211367e-06 7.116037e-06 -4.211917e-01 1.732181e-06 1.000000e+00 4.621169e-01
2.376600e+00 7.084192e-06 7.084192e-06 5.186073e-01 2.689414e-01 -1.581765e-05 7.989219e-12 7.958198e-06 7.859445e-06 -4.465619e-01 2.255506e-07 1.000000e+00 4.621171e-01
2.378000e+00 7.408372e-06 7.408372e-06 5.117399e-01 2.689416e-01 -1.753364e-05 7.342917e-11 8.817910e-06 8.715661e-06 -4.733467e-01 1.982329e-06 1.000000e+00 4.621169e-01
2.379400e+00 7.784066e-06 7.784066e-06 5.037877e-01 2.689466e-01 -1.952081e-05 2.785378e-09 9.811895e-06 9.706130e-06 -5.015582e-01 7.156615e-05 1.000000e+00 4.621069e-01
2.380800e+00 8.221347e-06 8.221347e-06 4.945559e-01 2.689496e-01 -2.182790e-05 4.441353e-09 1.096634e-05 1.085712e-05 -5.310054e-01 1.080444e-04 1.000000e+00 4.621007e-01
2.382200e+00 8.732415e-06 8.732415e-06 4.838107e-01 2.689414e-01 -2.451338e-05 3.891519e-13 1.231294e-05 1.220043e-05 -5.614340e-01 8.912813e-09 1.000000e+00 4.621172e-01
2.383600e+00 9.331519e-06 9.331519e-06 4.712136e-01 2.689414e-01 -2.766191e-05 1.100968e-11 1.388867e-05 1.377322e-05 -5.928704e-01 2.359676e-07 1.000000e+00 4.621171e-01
2.385000e+00 1.003566e-05 1.003566e-05 4.564291e-01 2.689414e-01 -3.135746e-05 2.495509e-12 1.573762e-05 1.561983e-05 -6.249205e-01 4.973281e-08 1.000000e+00 4.621171e-01
2.386400e+00 1.086395e-05 1.086395e-05 4.390602e-01 2.689414e-01 -3.569933e-05 6.512249e-13 1.790924e-05 1.779008e-05 -6.572072e-01 1.198873e-08 1.000000e+00 4.621172e-01
2.387800e+00 1.183639e-05 1.183639e-05 4.186920e-01 2.689414e-01 -4.079140e-05 -5.813938e-12 2.045523e-05 2.033618e-05 -6.892538e-01 -9.823832e-08 1.000000e+00 4.621172e-01
2.389200e+00 1.297064e-05 1.297064e-05 3.949599e-01 2.689414e-01 -4.672503e-05 -1.846456e-11 2.342087e-05 2.330417e-05 -7.204736e-01 -2.847131e-07 1.000000e+00 4.621172e-01
2.390600e+00 1.427473e-05 1.427473e-05 3.677007e-01 2.689413e-01 -5.354122e-05 -7.571240e-11 2.682622e-05 2.671508e-05 -7.501538e-01 -1.060789e-06 1.000000e+00 4.621174e-01
2.392000e+00 1.573303e-05 1.573303e-05 3.372463e-01 2.689410e-01 -6.115733e-05 -2.374848e-10 3.062932e-05 3.052825e-05 -7.774387e-01 -3.018933e-06 1.000000e+00 4.621180e-01
2.393400e+00 1.728265e-05 1.728265e-05 3.049132e-01 2.689411e-01 -6.924461e-05 -1.655131e-10 3.466492e-05 3.457985e-05 -8.013194e-01 -1.915367e-06 1.000000e+00 4.621178e-01
2.394800e+00 1.878387e-05 1.878387e-05 2.736212e-01 2.689413e-01 -7.707341e-05 -5.923714e-11 3.856768e-05 3.850579e-05 -8.206341e-01 -6.307235e-07 1.000000e+00 4.621174e-01
2.396200e+00 2.008141e-05 2.008141e-05 2.512530e-01 2.667950e-01 -8.267303e-05 -1.161189e-06 4.193289e-05 4.190133e-05 -8.233786e-01 -1.156481e-02 1.000000e+00 4.664100e-01
2.397600e+00 2.067698e-05 2.067698e-05 2.342634e-01 2.689396e-01 -8.692945e-05 -9.843428e-10 4.346295e-05 4.346748e-05 -8.408332e-01 -9.521147e-06 1.000000e+00 4.621208e-01
2.399000e+00 2.060682e-05 2.060682e-05 2.357979e-01 2.689414e-01 -8.655513e-05 -1.180591e-11 4.325671e-05 4.329843e-05 -8.400630e-01 -1.145826e-07 1.000000e+00 4.621172e-01
2.400400e+00 1.981540e-05 1.981540e-05 2.523604e-01 2.689414e-01 -8.242289e-05 -1.038619e-11 4.117381e-05 4.124909e-05 -8.319074e-01 -1.048294e-07 1.000000e+00 4.621172e-01
2.401800e+00 1.851600e-05 1.851600e-05 2.794850e-01 2.689413e-01 -7.564839e-05 -4.963009e-11 3.777330e-05 3.787513e-05 -8.171137e-01 -5.360779e-07 1.000000e+00 4.621173e-01
2.403200e+00 1.698202e-05 1.698202e-05 3.114690e-01 2.689398e-01 -6.765703e-05 -8.532489e-10 3.376872e-05 3.388916e-05 -7.968076e-01 -1.004885e-05 1.000000e+00 4.621203e-01
2.404600e+00 1.542950e-05 1.542950e-05 3.438023e-01 2.689413e-01 -5.957660e-05 -7.376876e-11 2.972234e-05 2.985433e-05 -7.722427e-01 -9.562040e-07 1.000000e+00 4.621174e-01
2.406000e+00 1.398362e-05 1.398362e-05 3.738906e-01 2.689414e-01 -5.205603e-05 -3.483087e-11 2.595900e-05 2.609706e-05 -7.445288e-01 -4.981669e-07 1.000000e+00 4.621173e-01
2.407400e+00 1.269730e-05 1.269730e-05 4.006343e-01 2.689414e-01 -4.537064e-05 -6.865534e-13 2.261523e-05 2.275541e-05 -7.146503e-01 -1.081416e-08 1.000000e+00 4.621172e-01
2.408800e+00 1.158089e-05 1.158089e-05 4.238233e-01 2.689414e-01 -3.957326e-05 -3.759803e-13 1.971681e-05 1.985645e-05 -6.834234e-01 -6.493116e-09 1.000000e+00 4.621172e-01
2.410200e+00 1.062401e-05 1.062401e-05 4.436781e-01 2.689414e-01 -3.460898e-05 4.785053e-12 1.723582e-05 1.737316e-05 -6.515239e-01 9.007998e-08 1.000000e+00 4.621171e-01
2.411600e+00 9.808249e-06 9.808249e-06 4.605851e-01 2.689416e-01 -3.038139e-05 1.189082e-10 1.512366e-05 1.525762e-05 -6.195070e-01 2.424657e-06 1.000000e+00 4.621167e-01
2.413000e+00 9.113578e-06 9.113578e-06 4.749652e-01 2.689414e-01 -2.678535e-05 6.308716e-12 1.332770e-05 1.345765e-05 -5.878120e-01 1.384465e-07 1.000000e+00 4.621171e-01
2.414400e+00 8.521172e-06 8.521172e-06 4.872108e-01 2.689416e-01 -2.372287e-05 7.991120e-11 1.179859e-05 1.192419e-05 -5.567982e-01 1.875592e-06 1.000000e+00 4.621169e-01
2.415800e+00 8.014492e-06 8.014492e-06 4.976688e-01 2.689415e-01 -2.110726e-05 5.656562e-11 1.049304e-05 1.061417e-05 -5.267274e-01 1.411583e-06 1.000000e+00 4.621169e-01
2.417200e+00 7.579469e-06 7.579469e-06 5.066328e-01 2.689414e-01 -1.886515e-05 1.690343e-12 9.374242e-06 9.490906e-06 -4.977961e-01 4.460322e-08 1.000000e+00 4.621172e-01
2.418600e+00 7.204348e-06 7.204348e-06 5.143479e-01 2.689415e-01 -1.693528e-05 3.006069e-11 8.411481e-06 8.523773e-06 -4.701406e-01 8.345152e-07 1.000000e+00 4.621170e-01
2.420000e+00 6.879399e-06 6.879399e-06 5.210177e-01 2.689414e-01 -1.526676e-05 3.089706e-12 7.579346e-06 7.687409e-06 -4.438399e-01 8.982488e-08 1.000000e+00 4.621171e-01
2.421400e+00 6.596592e-06 6.596592e-06 5.268095e-01 2.689415e-01 -1.381781e-05 3.774770e-11 6.856880e-06 6.960887e-06 -4.189377e-01 1.144461e-06 1.000000e+00 4.621170e-01
2.422800e+00 6.349315e-06 6.349315e-06 5.318616e-01 2.689414e-01 -1.255382e-05 1.390436e-11 6.226831e-06 6.326972e-06 -3.954385e-01 4.379797e-07 1.000000e+00 4.621171e-01
2.424200e+00 6.132109e-06 6.132109e-06 5.362875e-01 2.689414e-01 -1.144641e-05 5.375588e-12 5.674968e-06 5.771438e-06 -3.733270e-01 1.753259e-07 1.000000e+00 4.621171e-01
2.425600e+00 5.940464e-06 5.940464e-06 5.401813e-01 2.689415e-01 -1.047209e-05 3.142636e-11 5.189531e-06 5.282524e-06 -3.525680e-01 1.058044e-06 1.000000e+00 4.621170e-01
2.427000e+00 5.770636e-06 5.770636e-06 5.436210e-01 2.689416e-01 -9.611351e-06 1.020696e-10 4.760771e-06 4.850477e-06 -3.331124e-01 3.537550e-06 1.000000e+00 4.621168e-01
2.428400e+00 5.619514e-06 5.619514e-06 5.466722e-01 2.689414e-01 -8.847772e-06 4.165988e-12 4.380584e-06 4.467184e-06 -3.148946e-01 1.482686e-07 1.000000e+00 4.621171e-01
2.429800e+00 5.484488e-06 5.484488e-06 5.493850e-01 2.689430e-01 -8.168852e-06 8.371997e-10 4.042173e-06 4.125842e-06 -2.978893e-01 3.052973e-05 1.000000e+00 4.621141e-01
2.431200e+00 5.363388e-06 5.363388e-06 5.518114e-01 2.689430e-01 -7.561552e-06 8.649614e-10 3.739893e-06 3.820794e-06 -2.819692e-01 3.225429e-05 1.000000e+00 4.621140e-01
2.432600e+00 5.254354e-06 5.254354e-06 5.539771e-01 2.689477e-01 -7.019479e-06 3.382307e-09 3.468906e-06 3.547191e-06 -2.671871e-01 1.287430e-04 1.000000e+00 4.621047e-01
2.434000e+00 5.155884e-06 5.155884e-06 5.559469e-01 2.689414e-01 -6.526415e-06 5.931765e-13 3.225299e-06 3.301116e-06 -2.531638e-01 2.300969e-08 1.000000e+00 4.621172e-01
2.435400e+00 5.066599e-06 5.066599e-06 5.577123e-01 2.689414e-01 -6.084475e-06 2.056869e-12 3.005495e-06 3.078978e-06 -2.401798e-01 8.119328e-08 1.000000e+00 4.621171e-01
2.436800e+00 4.985396e-06 4.985396e-06 5.593098e-01 2.689415e-01 -5.684536e-06 1.674957e-11 2.806623e-06 2.877897e-06 -2.280475e-01 6.719452e-07 1.000000e+00 4.621171e-01
2.438200e+00 4.911312e-06 4.911312e-06 5.607597e-01 2.689414e-01 -5.321552e-06 9.122144e-12 2.626179e-06 2.695364e-06 -2.167059e-01 3.714748e-07 1.000000e+00 4.621171e-01
2.439600e+00 4.843519e-06 4.843519e-06 5.620789e-01 2.689414e-01 -4.991239e-06 2.721160e-12 2.462016e-06 2.529220e-06 -2.060997e-01 1.123629e-07 1.000000e+00 4.621171e-01
2.441000e+00 4.781304e-06 4.781304e-06 5.632825e-01 2.689414e-01 -4.689890e-06 3.038206e-12 2.312281e-06 2.377606e-06 -1.961762e-01 1.270869e-07 1.000000e+00 4.621171e-01
2.442400e+00 4.724050e-06 4.724050e-06 5.643831e-01 2.689414e-01 -4.414287e-06 2.804190e-12 2.175370e-06 2.238914e-06 -1.868857e-01 1.187197e-07 1.000000e+00 4.621171e-01
2.443800e+00 4.671220e-06 4.671220e-06 5.653915e-01 2.689416e-01 -4.161760e-06 1.227676e-10 2.049894e-06 2.111743e-06 -1.781873e-01 5.256337e-06 1.000000e+00 4.621167e-01
2.445200e+00 4.622350e-06 4.622350e-06 5.663186e-01 2.689415e-01 -3.929574e-06 4.862093e-11 1.934643e-06 1.994882e-06 -1.700249e-01 2.103732e-06 1.000000e+00 4.621170e-01
2.446600e+00 4.577029e-06 4.577029e-06 5.671718e-01 2.689416e-01 -3.715902e-06 8.292572e-11 1.828556e-06 1.887263e-06 -1.623718e-01 3.623561e-06 1.000000e+00 4.621169e-01
2.448000e+00 4.534901e-06 4.534901e-06 5.679589e-01 2.689416e-01 -3.518765e-06 1.014031e-10 1.730708e-06 1.787955e-06 -1.551859e-01 4.472120e-06 1.000000e+00 4.621168e-01
2.449400e+00 4.495651e-06 4.495651e-06 5.686859e-01 2.689419e-01 -3.336662e-06 2.422466e-10 1.640282e-06 1.696138e-06 -1.484395e-01 1.077693e-05 1.000000e+00 4.621163e-01
2.450800e+00 4.459004e-06 4.459004e-06 5.693606e-01 2.689414e-01 -3.167658e-06 2.256757e-12 1.556564e-06 1.611092e-06 -1.420792e-01 1.012225e-07 1.000000e+00 4.621171e-01
2.452200e+00 4.424712e-06 4.424712e-06 5.699856e-01 2.689414e-01 -3.011089e-06 5.103627e-13 1.478915e-06 1.532174e-06 -1.361033e-01 2.306874e-08 1.000000e+00 4.621172e-01
2.453600e+00 4.392559e-06 4.392559e-06 5.705663e-01 2.689415e-01 -2.865617e-06 2.625671e-11 1.406772e-06 1.458819e-06 -1.304760e-01 1.195509e-06 1.000000e+00 4.621171e-01
2.455000e+00 4.362352e-06 4.362352e-06 5.711069e-01 2.689414e-01 -2.730166e-06 5.113428e-12 1.339637e-06 1.390524e-06 -1.251695e-01 2.344345e-07 1.000000e+00 4.621171e-01
2.456400e+00 4.333919e-06 4.333919e-06 5.716108e-01 2.689414e-01 -2.603913e-06 8.667296e-12 1.277065e-06 1.326840e-06 -1.201644e-01 3.999750e-07 1.000000e+00 4.621171e-01
2.457800e+00 4.307107e-06 4.307107e-06 5.720813e-01 2.689414e-01 -2.486025e-06 8.540842e-13 1.218656e-06 1.267368e-06 -1.154383e-01 3.965930e-08 1.000000e+00 4.621172e-01
2.459200e+00 4.281777e-06 4.281777e-06 5.725211e-01 2.689415e-01 -2.375828e-06 2.416318e-11 1.164057e-06 1.211747e-06 -1.109739e-01 1.128652e-06 1.000000e+00 4.621171e-01
2.460600e+00 4.257807e-06 4.257807e-06 5.729330e-01 2.689414e-01 -2.272606e-06 8.969529e-13 1.112947e-06 1.159658e-06 -1.067501e-01 4.213215e-08 1.000000e+00 4.621172e-01
2.462000e+00 4.235086e-06 4.235086e-06 5.733179e-01 2.689419e-01 -2.176131e-06 2.834513e-10 1.065038e-06 1.110809e-06 -1.027668e-01 1.338586e-05 1.000000e+00 4.621161e-01
2.463400e+00 4.213514e-06 4.213514e-06 5.736813e-01 2.689415e-01 -2.085059e-06 3.784579e-11 1.020077e-06 1.064944e-06 -9.897006e-02 1.796400e-06 1.000000e+00 4.621170e-01
2.464800e+00 4.193000e-06 4.193000e-06 5.740221e-01 2.689414e-01 -1.999657e-06 6.862979e-12 9.778262e-07 1.021824e-06 -9.538071e-02 3.273541e-07 1.000000e+00 4.621171e-01
2.466200e+00 4.173464e-06 4.173464e-06 5.743426e-01 2.689414e-01 -1.919325e-06 1.132687e-11 9.380761e-07 9.812371e-07 -9.197752e-02 5.428040e-07 1.000000e+00 4.621171e-01
2.467600e+00 4.154831e-06 4.154831e-06 5.746445e-01 2.689414e-01 -1.843635e-06 7.210163e-12 9.006360e-07 9.429914e-07 -8.874655e-02 3.470737e-07 1.000000e+00 4.621171e-01
2.469000e+00 4.137035e-06 4.137035e-06 5.749293e-01 2.689414e-01 -1.772248e-06 2.905930e-12 8.653327e-07 9.069119e-07 -8.567719e-02 1.404837e-07 1.000000e+00 4.621171e-01
2.470400e+00 4.120014e-06 4.120014e-06 5.751980e-01 2.689415e-01 -1.704892e-06 4.398948e-11 8.320086e-07 8.728394e-07 -8.276148e-02 2.135404e-06 1.000000e+00 4.621170e-01
2.471800e+00 4.103712e-06 4.103712e-06 5.754522e-01 2.689414e-01 -1.641156e-06 5.829774e-12 8.005209e-07 8.406296e-07 -7.998399e-02 2.841220e-07 1.000000e+00 4.621171e-01
2.473200e+00 4.088080e-06 4.088080e-06 5.756925e-01 2.689414e-01 -1.580890e-06 1.592531e-12 7.707383e-07 8.101500e-07 -7.734144e-02 7.791096e-08 1.000000e+00 4.621172e-01
2.474600e+00 4.073071e-06 4.073071e-06 5.759201e-01 2.689414e-01 -1.523823e-06 8.834118e-13 7.425417e-07 7.812802e-07 -7.482426e-02 4.337817e-08 1.000000e+00 4.621172e-01
2.476000e+00 4.058642e-06 4.058642e-06 5.761358e-01 2.689414e-01 -1.469735e-06 3.489571e-12 7.158216e-07 7.539095e-07 -7.242494e-02 1.719575e-07 1.000000e+00 4.621171e-01
2.477400e+00 4.044756e-06 4.044756e-06 5.763405e-01 2.689414e-01 -1.418418e-06 2.604377e-12 6.904782e-07 7.279371e-07 -7.013614e-02 1.287779e-07 1.000000e+00 4.621171e-01
2.478800e+00 4.031372e-06 4.031372e-06 5.765233e-01 2.689468e-01 -1.372558e-06 2.887329e-09 6.664106e-07 7.032605e-07 -6.809386e-02 1.432430e-04 1.000000e+00 4.621065e-01
2.480200e+00 4.018468e-06 4.018468e-06 5.767194e-01 2.689414e-01 -1.323386e-06 1.726915e-12 6.435612e-07 6.798226e-07 -6.586518e-02 8.594893e-08 1.000000e+00 4.621172e-01
2.481600e+00 4.006004e-06 4.006004e-06 5.768950e-01 2.689414e-01 -1.279352e-06 9.048687e-12 6.218258e-07 6.575167e-07 -6.387170e-02 4.517562e-07 1.000000e+00 4.621171e-01
2.483000e+00 3.993956e-06 3.993956e-06 5.770595e-01 2.689426e-01 -1.238082e-06 6.643572e-10 6.011398e-07 6.362781e-07 -6.199779e-02 3.326813e-05 1.000000e+00 4.621147e-01
2.484400e+00 3.982298e-06 3.982298e-06 5.772213e-01 2.689414e-01 -1.197489e-06 7.373550e-13 5.814429e-07 6.160457e-07 -6.014061e-02 3.703163e-08 1.000000e+00 4.621172e-01
2.485800e+00 3.971007e-06 3.971007e-06 5.773731e-01 2.689414e-01 -1.159421e-06 1.634940e-13 5.626687e-07 5.967520e-07 -5.839430e-02 8.234385e-09 1.000000e+00 4.621172e-01
2.487200e+00 3.960060e-06 3.960060e-06 5.775179e-01 2.689414e-01 -1.123107e-06 1.987602e-12 5.447626e-07 5.783420e-07 -5.672170e-02 1.003824e-07 1.000000e+00 4.621171e-01
2.488600e+00 3.949437e-06 3.949437e-06 5.776560e-01 2.689414e-01 -1.088443e-06 7.413214e-12 5.276727e-07 5.607630e-07 -5.511890e-02 3.754061e-07 1.000000e+00 4.621171e-01
2.490000e+00 3.939120e-06 3.939120e-06 5.777880e-01 2.689414e-01 -1.055318e-06 1.634329e-12 5.113505e-07 5.439660e-07 -5.358142e-02 8.297938e-08 1.000000e+00 4.621172e-01
2.491400e+00 3.929091e-06 3.929091e-06 5.779142e-01 2.689414e-01 -1.023658e-06 8.155453e-13 4.957514e-07 5.279056e-07 -5.210660e-02 4.151318e-08 1.000000e+00 4.621172e-01
2.492800e+00 3.919334e-06 3.919334e-06 5.780348e-01 2.689415e-01 -9.934131e-07 4.000084e-11 4.808336e-07 5.125395e-07 -5.069296e-02 2.041206e-06 1.000000e+00 4.621170e-01
2.494200e+00 3.909834e-06 3.909834e-06 5.781504e-01 2.689414e-01 -9.643878e-07 2.228834e-13 4.665587e-07 4.978288e-07 -4.933140e-02 1.140117e-08 1.000000e+00 4.621172e-01
2.495600e+00 3.900576e-06 3.900576e-06 5.782610e-01 2.689414e-01 -9.366287e-07 1.367642e-12 4.528905e-07 4.837368e-07 -4.802514e-02 7.012511e-08 1.000000e+00 4.621172e-01
2.497000e+00 3.891549e-06 3.891549e-06 5.783670e-01 2.689414e-01 -9.100401e-07 1.504219e-11 4.397955e-07 4.702295e-07 -4.677007e-02 7.730697e-07 1.000000e+00 4.621171e-01
2.498400e+00 3.882739e-06 3.882739e-06 5.784687e-01 2.689414e-01 -8.845199e-07 2.117413e-12 4.272425e-07 4.572753e-07 -4.556164e-02 1.090680e-07 1.000000e+00 4.621171e-01
2.499800e+00 3.874136e-06 3.874136e-06 5.785661e-01 2.689414e-01 -8.600573e-07 1.056979e-11 4.152023e-07 4.448444e-07 -4.439995e-02 5.456592e-07 1.000000e+00 4.621171e-01
2.501200e+00 3.865728e-06 3.865728e-06 5.786597e-01 2.689414e-01 -8.365572e-07 2.068205e-13 4.036477e-07 4.329093e-07 -4.328071e-02 1.070021e-08 1.000000e+00 4.621172e-01
2.502600e+00 3.857506e-06 3.857506e-06 5.787496e-01 2.689414e-01 -8.139974e-07 1.649402e-13 3.925532e-07 4.214441e-07 -4.220330e-02 8.551646e-09 1.000000e+00 4.621172e-01
2.504000e+00 3.849461e-06 3.849461e-06 5.788352e-01 2.689418e-01 -7.925170e-07 1.982779e-10 3.818945e-07 4.104242e-07 -4.117548e-02 1.030159e-05 1.000000e+00 4.621164e-01
2.505400e+00 3.841584e-06 3.841584e-06 5.789189e-01 2.689415e-01 -7.714969e-07 1.840968e-11 3.716505e-07 3.998280e-07 -4.016557e-02 9.584424e-07 1.000000e+00 4.621171e-01
2.506800e+00 3.833866e-06 3.833866e-06 5.789988e-01 2.689414e-01 -7.514397e-07 7.251434e-12 3.617991e-07 3.896333e-07 -3.920010e-02 3.782831e-07 1.000000e+00 4.621171e-01
2.508200e+00 3.826300e-06 3.826300e-06 5.790756e-01 2.689414e-01 -7.321434e-07 1.922418e-12 3.523211e-07 3.798204e-07 -3.826900e-02 1.004844e-07 1.000000e+00 4.621172e-01
2.509600e+00 3.818879e-06 3.818879e-06 5.791496e-01 2.689414e-01 -7.135711e-07 2.527204e-12 3.431981e-07 3.703705e-07 -3.737071e-02 1.323532e-07 1.000000e+00 4.621171e-01
2.511000e+00 3.811596e-06 3.811596e-06 5.792208e-01 2.689414e-01 -6.956858e-07 6.943581e-12 3.344127e-07 3.612661e-07 -3.650364e-02 3.643398e-07 1.000000e+00 4.621171e-01
2.512400e+00 3.804445e-06 3.804445e-06 5.792895e-01 2.689414e-01 -6.784395e-07 1.482218e-13 3.259487e-07 3.524906e-07 -3.566562e-02 7.792033e-09 1.000000e+00 4.621172e-01
2.513800e+00 3.797420e-06 3.797420e-06 5.793557e-01 2.689414e-01 -6.618201e-07 7.524318e-13 3.177908e-07 3.440285e-07 -3.485630e-02 3.962858e-08 1.000000e+00 4.621172e-01
2.515200e+00 3.790514e-06 3.790514e-06 5.794190e-01 2.689417e-01 -6.459160e-07 1.268009e-10 3.099243e-07 3.358649e-07 -3.408065e-02 6.690435e-06 1.000000e+00 4.621167e-01
2.516600e+00 3.783724e-06 3.783724e-06 5.794811e-01 2.689414e-01 -6.303232e-07 3.759579e-13 3.023363e-07 3.279866e-07 -3.331761e-02 1.987238e-08 1.000000e+00 4.621172e-01
2.518000e+00 3.777043e-06 3.777043e-06 5.795368e-01 2.689431e-01 -6.163252e-07 9.347337e-10 2.950120e-07 3.203784e-07 -3.263533e-02 4.949554e-05 1.000000e+00 4.621137e-01
2.519400e+00 3.770467e-06 3.770467e-06 5.795979e-01 2.689414e-01 -6.009763e-07 1.427116e-13 2.879435e-07 3.130326e-07 -3.187808e-02 7.569968e-09 1.000000e+00 4.621172e-01
2.520800e+00 3.763992e-06 3.763992e-06 5.796533e-01 2.689414e-01 -5.870491e-07 2.128909e-13 2.811155e-07 3.059334e-07 -3.119289e-02 1.131197e-08 1.000000e+00 4.621172e-01
2.522200e+00 3.757614e-06 3.757614e-06 5.797069e-01 2.689414e-01 -5.735914e-07 1.957883e-12 2.745185e-07 2.990710e-07 -3.052956e-02 1.042089e-07 1.000000e+00 4.621172e-01
2.523600e+00 3.751327e-06 3.751327e-06 5.797587e-01 2.689414e-01 -5.605781e-07 5.780959e-13 2.681423e-07 2.924352e-07 -2.988692e-02 3.082087e-08 1.000000e+00 4.621172e-01
2.525000e+00 3.745130e-06 3.745130e-06 5.798088e-01 2.689414e-01 -5.479939e-07 5.185467e-13 2.619772e-07 2.860162e-07 -2.926435e-02 2.769179e-08 1.000000e+00 4.621172e-01
2.526400e+00 3.739017e-06 3.739017e-06 5.798572e-01 2.689414e-01 -5.358191e-07 2.776847e-13 2.560143e-07 2.798046e-07 -2.866096e-02 1.485335e-08 1.000000e+00 4.621172e-01
2.527800e+00 3.732986e-06 3.732986e-06 5.799041e-01 2.689414e-01 -5.240364e-07 6.882445e-14 2.502447e-07 2.737916e-07 -2.807599e-02 3.687367e-09 1.000000e+00 4.621172e-01
2.529200e+00 3.727034e-06 3.727034e-06 5.799493e-01 2.689415e-01 -5.126824e-07 5.316265e-11 2.446604e-07 2.679689e-07 -2.751155e-02 2.852813e-06 1.000000e+00 4.621170e-01
2.530600e+00 3.721157e-06 3.721157e-06 5.799934e-01 2.689414e-01 -5.015844e-07 2.125004e-12 2.392536e-07 2.623287e-07 -2.695852e-02 1.142120e-07 1.000000e+00 4.621171e-01
2.532000e+00 3.715352e-06 3.715352e-06 5.800360e-01 2.689414e-01 -4.908815e-07 1.220111e-12 2.340170e-07 2.568633e-07 -2.642449e-02 6.567942e-08 1.000000e+00 4.621172e-01
2.533400e+00 3.709618e-06 3.709618e-06 5.800772e-01 2.689414e-01 -4.805192e-07 1.005414e-11 2.289435e-07 2.515657e-07 -2.590667e-02 5.420580e-07 1.000000e+00 4.621171e-01
2.534800e+00 3.703950e-06 3.703950e-06 5.801173e-01 2.689414e-01 -4.704571e-07 1.454555e-12 2.240265e-07 2.464291e-07 -2.540299e-02 7.854077e-08 1.000000e+00 4.621172e-01
2.536200e+00 3.698347e-06 3.698347e-06 5.801561e-01 2.689414e-01 -4.607072e-07 3.674304e-13 2.192597e-07 2.414471e-07 -2.491422e-02 1.986998e-08 1.000000e+00 4.621172e-01
2.537600e+00 3.692807e-06 3.692807e-06 5.801937e-01 2.689414e-01 -4.512508e-07 8.937145e-14 2.146373e-07 2.366135e-07 -2.443945e-02 4.840299e-09 1.000000e+00 4.621172e-01
2.539000e+00 3.687327e-06 3.687327e-06 5.802302e-01 2.689414e-01 -4.420761e-07 3.012992e-13 2.101533e-07 2.319225e-07 -2.397814e-02 1.634242e-08 1.000000e+00 4.621172e-01
2.540400e+00 3.681904e-06 3.681904e-06 5.802656e-01 2.689414e-01 -4.331717e-07 4.474167e-13 2.058025e-07 2.273687e-07 -2.352976e-02 2.430355e-08 1.000000e+00 4.621172e-01
2.541800e+00 3.676538e-06 3.676538e-06 5.802999e-01 2.689414e-01 -4.245315e-07 5.079558e-12 2.015797e-07 2.229467e-07 -2.309409e-02 2.763229e-07 1.000000e+00 4.621171e-01
2.543200e+00 3.671226e-06 3.671226e-06 5.803333e-01 2.689414e-01 -4.161319e-07 4.677085e-13 1.974799e-07 2.186515e-07 -2.266992e-02 2.547969e-08 1.000000e+00 4.621172e-01
2.544600e+00 3.665966e-06 3.665966e-06 5.803658e-01 2.689414e-01 -4.079771e-07 9.044041e-14 1.934986e-07 2.144784e-07 -2.225755e-02 4.934057e-09 1.000000e+00 4.621172e-01
2.546000e+00 3.660756e-06 3.660756e-06 5.803973e-01 2.689414e-01 -4.000542e-07 2.838560e-13 1.896312e-07 2.104227e-07 -2.185637e-02 1.550805e-08 1.000000e+00 4.621172e-01
2.547400e+00 3.655595e-06 3.655595e-06 5.804279e-01 2.689414e-01 -3.923555e-07 1.859953e-12 1.858734e-07 2.064802e-07 -2.146602e-02 1.017592e-07 1.000000e+00 4.621172e-01
2.548800e+00 3.650482e-06 3.650482e-06 5.804575e-01 2.689415e-01 -3.848990e-07 3.113582e-11 1.822213e-07 2.026466e-07 -2.108757e-02 1.705847e-06 1.000000e+00 4.621170e-01
2.550200e+00 3.645414e-06 3.645414e-06 5.804866e-01 2.689414e-01 -3.775935e-07 4.459414e-12 1.786710e-07 1.989180e-07 -2.071608e-02 2.446589e-07 1.000000e+00 4.621171e-01
2.551600e+00 3.640390e-06 3.640390e-06 5.805147e-01 2.689414e-01 -3.705107e-07 1.364654e-12 1.752187e-07 1.952907e-07 -2.035555e-02 7.497298e-08 1.000000e+00 4.621172e-01
2.553000e+00 3.635409e-06 3.635409e-06 5.805421e-01 2.689414e-01 -3.636270e-07 5.164877e-12 1.718609e-07 1.917610e-07 -2.000474e-02 2.841428e-07 1.000000e+00 4.621171e-01
2.554400e+00 3.630469e-06 3.630469e-06 5.805687e-01 2.689414e-01 -3.569198e-07 1.485885e-13 1.685943e-07 1.883254e-07 -1.966247e-02 8.185636e-09 1.000000e+00 4.621172e-01
2.555800e+00 3.625569e-06 3.625569e-06 5.805947e-01 2.689414e-01 -3.503967e-07 3.776581e-13 1.654156e-07 1.849807e-07 -1.932919e-02 2.083303e-08 1.000000e+00 4.621172e-01
2.557200e+00 3.620709e-06 3.620709e-06 5.806199e-01 2.689414e-01 -3.440468e-07 1.453032e-12 1.623217e-07 1.817237e-07 -1.900439e-02 8.026230e-08 1.000000e+00 4.621172e-01
2.558600e+00 3.615886e-06 3.615886e-06 5.806445e-01 2.689414e-01 -3.378615e-07 4.828702e-13 1.593097e-07 1.785513e-07 -1.868762e-02 2.670826e-08 1.000000e+00 4.621172e-01
2.560000e+00 3.611100e-06 3.611100e-06 5.806684e-01 2.689414e-01 -3.318386e-07 1.170054e-12 1.563768e-07 1.754607e-07 -1.837881e-02 6.480319e-08 1.000000e+00 4.621172e-01
2.561400e+00 3.606349e-06 3.606349e-06 5.806917e-01 2.689414e-01 -3.259695e-07 2.663114e-13 1.535202e-07 1.724491e-07 -1.807753e-02 1.476903e-08 1.000000e+00 4.621172e-01
2.562800e+00 3.601633e-06 3.601633e-06 5.807145e-01 2.689414e-01 -3.202525e-07 1.320574e-12 1.507373e-07 1.695138e-07 -1.778373e-02 7.333197e-08 1.000000e+00 4.621172e-01
2.564200e+00 3.596951e-06 3.596951e-06 5.807366e-01 2.689414e-01 -3.146794e-07 1.351302e-12 1.480258e-07 1.666523e-07 -1.749701e-02 7.513599e-08 1.000000e+00 4.621172e-01
2.565600e+00 3.592301e-06 3.592301e-06 5.807582e-01 2.689414e-01 -3.092460e-07 7.619990e-13 1.453831e-07 1.638621e-07 -1.721715e-02 4.242400e-08 1.000000e+00 4.621172e-01
2.567000e+00 3.587683e-06 3.587683e-06 5.807792e-01 2.689414e-01 -3.039490e-07 9.879265e-13 1.428070e-07 1.611410e-07 -1.694403e-02 5.507323e-08 1.000000e+00 4.621172e-01
2.568400e+00 3.583096e-06 3.583096e-06 5.807998e-01 2.689414e-01 -2.987823e-07 3.840852e-13 1.402954e-07 1.584866e-07 -1.667733e-02 2.143873e-08 1.000000e+00 4.621172e-01
2.569800e+00 3.578539e-06 3.578539e-06 5.808198e-01 2.689414e-01 -2.937439e-07 1.134822e-12 1.378461e-07 1.558967e-07 -1.641698e-02 6.342377e-08 1.000000e+00 4.621172e-01
2.571200e+00 3.574011e-06 3.574011e-06 5.808393e-01 2.689414e-01 -2.888265e-07 3.143363e-14 1.354571e-07 1.533694e-07 -1.616260e-02 1.759011e-09 1.000000e+00 4.621172e-01
2.572600e+00 3.569511e-06 3.569511e-06 5.808584e-01 2.689414e-01 -2.840291e-07 2.766525e-14 1.331264e-07 1.509027e-07 -1.591417e-02 1.550086e-09 1.000000e+00 4.621172e-01
2.574000e+00 3.565039e-06 3.565039e-06 5.808769e-01 2.689414e-01 -2.793480e-07 1.258091e-12 1.308523e-07 1.484945e-07 -1.567153e-02 7.057935e-08 1.000000e+00 4.621172e-01
2.575400e+00 3.560594e-06 3.560594e-06 5.808951e-01 2.689414e-01 -2.747762e-07 2.006756e-13 1.286328e-07 1.461432e-07 -1.543429e-02 1.127203e-08 1.000000e+00 4.621172e-01
2.576800e+00 3.556175e-06 3.556175e-06 5.809037e-01 2.689457e-01 -2.725996e-07 2.289357e-09 1.264650e-07 1.438453e-07 -1.533106e-02 1.287539e-04 1.000000e+00 4.621087e-01
2.578200e+00 3.551783e-06 3.551783e-06 5.809301e-01 2.689414e-01 -2.659566e-07 1.488863e-12 1.243513e-07 1.416038e-07 -1.497595e-02 8.383749e-08 1.000000e+00 4.621172e-01
2.579600e+00 3.547415e-06 3.547415e-06 5.809470e-01 2.689414e-01 -2.617001e-07 1.518844e-12 1.222860e-07 1.394125e-07 -1.475441e-02 8.563103e-08 1.000000e+00 4.621172e-01
2.581000e+00 3.543071e-06 3.543071e-06 5.809629e-01 2.689417e-01 -2.576943e-07 1.542059e-10 1.202689e-07 1.372712e-07 -1.454638e-02 8.704648e-06 1.000000e+00 4.621166e-01
2.582400e+00 3.538751e-06 3.538751e-06 5.809797e-01 2.689414e-01 -2.534796e-07 2.198696e-12 1.182987e-07 1.351787e-07 -1.432593e-02 1.242639e-07 1.000000e+00 4.621171e-01
2.583800e+00 3.534455e-06 3.534455e-06 5.809954e-01 2.689414e-01 -2.495093e-07 2.274456e-12 1.163738e-07 1.331333e-07 -1.411869e-02 1.287019e-07 1.000000e+00 4.621171e-01
2.585200e+00 3.530181e-06 3.530181e-06 5.810108e-01 2.689414e-01 -2.456415e-07 1.509843e-11 1.144928e-07 1.311336e-07 -1.391665e-02 8.553914e-07 1.000000e+00 4.621171e-01
2.586600e+00 3.525929e-06 3.525929e-06 5.810259e-01 2.689414e-01 -2.418339e-07 9.586130e-13 1.126546e-07 1.291784e-07 -1.371746e-02 5.437505e-08 1.000000e+00 4.621172e-01
2.588000e+00 3.521699e-06 3.521699e-06 5.810406e-01 2.689414e-01 -2.381240e-07 5.862434e-14 1.108577e-07 1.272662e-07 -1.352325e-02 3.329321e-09 1.000000e+00 4.621172e-01
2.589400e+00 3.517490e-06 3.517490e-06 5.810550e-01 2.689414e-01 -2.344971e-07 8.526348e-14 1.091011e-07 1.253959e-07 -1.333321e-02 4.847972e-09 1.000000e+00 4.621172e-01
2.590800e+00 3.513302e-06 3.513302e-06 5.810690e-01 2.689415e-01 -2.309716e-07 2.186875e-11 1.073835e-07 1.235663e-07 -1.314841e-02 1.244911e-06 1.000000e+00 4.621171e-01
2.592200e+00 3.509134e-06 3.509134e-06 5.810828e-01 2.689414e-01 -2.274854e-07 5.477102e-12 1.057038e-07 1.217761e-07 -1.296533e-02 3.121626e-07 1.000000e+00 4.621171e-01
2.593600e+00 3.504986e-06 3.504986e-06 5.810961e-01 2.689415e-01 -2.241351e-07 4.988964e-11 1.040609e-07 1.200243e-07 -1.278950e-02 2.846781e-06 1.000000e+00 4.621170e-01
2.595000e+00 3.500857e-06 3.500857e-06 5.811095e-01 2.689414e-01 -2.207640e-07 4.547996e-13 1.024538e-07 1.183098e-07 -1.261200e-02 2.598218e-08 1.000000e+00 4.621172e-01
2.596400e+00 3.496747e-06 3.496747e-06 5.811224e-01 2.689414e-01 -2.175210e-07 8.089519e-12 1.008814e-07 1.166314e-07 -1.244133e-02 4.626882e-07 1.000000e+00 4.621171e-01
2.597800e+00 3.492656e-06 3.492656e-06 5.811350e-01 2.689414e-01 -2.143313e-07 9.615196e-14 9.934282e-08 1.149884e-07 -1.227325e-02 5.505951e-09 1.000000e+00 4.621172e-01
2.599200e+00 3.488583e-06 3.488583e-06 5.811474e-01 2.689414e-01 -2.112168e-07 2.334144e-13 9.783704e-08 1.133795e-07 -1.210903e-02 1.338162e-08 1.000000e+00 4.621172e-01
2.600600e+00 3.484528e-06 3.484528e-06 5.811595e-01 2.689414e-01 -2.081679e-07 7.549584e-13 9.636316e-08 1.118040e-07 -1.194813e-02 4.333203e-08 1.000000e+00 4.621172e-01
2.602000e+00 3.480490e-06 3.480490e-06 5.811713e-01 2.689414e-01 -2.051813e-07 1.358736e-13 9.492032e-08 1.102608e-07 -1.179037e-02 7.807731e-09 1.000000e+00 4.621172e-01
2.603400e+00 3.476469e-06 3.476469e-06 5.811829e-01 2.689414e-01 -2.022606e-07 3.839176e-12 9.350765e-08 1.087492e-07 -1.163598e-02 2.208664e-07 1.000000e+00 4.621171e-01
2.604800e+00 3.472465e-06 3.472465e-06 5.811943e-01 2.689414e-01 -1.993927e-07 2.030418e-13 9.212434e-08 1.072682e-07 -1.148422e-02 1.169439e-08 1.000000e+00 4.621172e-01
2.606200e+00 3.468478e-06 3.468478e-06 5.812054e-01 2.689414e-01 -1.965869e-07 2.411702e-13 9.076960e-08 1.058170e-07 -1.133563e-02 1.390640e-08 1.000000e+00 4.621172e-01
2.607600e+00 3.464506e-06 3.464506e-06 5.812163e-01 2.689414e-01 -1.938396e-07 2.024830e-12 8.944264e-08 1.043950e-07 -1.119003e-02 1.168899e-07 1.000000e+00 4.621171e-01
2.609000e+00 3.460551e-06 3.460551e-06 5.812270e-01 2.689414e-01 -1.911458e-07 1.944683e-12 8.814274e-08 1.030012e-07 -1.104713e-02 1.123915e-07 1.000000e+00 4.621172e-01
2.610400e+00 3.456611e-06 3.456611e-06 5.812374e-01 2.689414e-01 -1.885179e-07 1.381670e-11 8.686916e-08 1.016349e-07 -1.090767e-02 7.994363e-07 1.000000e+00 4.621171e-01
2.611800e+00 3.452686e-06 3.452686e-06 5.812477e-01 2.689414e-01 -1.859170e-07 3.422664e-13 8.562124e-08 1.002955e-07 -1.076942e-02 1.982610e-08 1.000000e+00 4.621172e-01
2.613200e+00 3.448776e-06 3.448776e-06 5.812578e-01 2.689414e-01 -1.833806e-07 1.569777e-13 8.439827e-08 9.898216e-08 -1.063453e-02 9.103385e-09 1.000000e+00 4.621172e-01
2.614600e+00 3.444881e-06 3.444881e-06 5.812676e-01 2.689414e-01 -1.808940e-07 4.609885e-14 8.319962e-08 9.769430e-08 -1.050219e-02 2.676368e-09 1.000000e+00 4.621172e-01
2.616000e+00 3.441000e-06 3.441000e-06 5.812773e-01 2.689414e-01 -1.784582e-07 2.253766e-12 8.202465e-08 9.643125e-08 -1.037246e-02 1.309948e-07 1.000000e+00 4.621171e-01
2.617400e+00 3.437134e-06 3.437134e-06 5.812868e-01 2.689414e-01 -1.760653e-07 1.395639e-13 8.087277e-08 9.519238e-08 -1.024489e-02 8.120943e-09 1.000000e+00 4.621172e-01
2.618800e+00 3.433282e-06 3.433282e-06 5.812960e-01 2.689414e-01 -1.737210e-07 5.903704e-13 7.974336e-08 9.397707e-08 -1.011982e-02 3.439103e-08 1.000000e+00 4.621172e-01
2.620200e+00 3.429443e-06 3.429443e-06 5.813051e-01 2.689414e-01 -1.714315e-07 1.095066e-11 7.863587e-08 9.278472e-08 -9.997633e-03 6.386260e-07 1.000000e+00 4.621171e-01
2.621600e+00 3.425618e-06 3.425618e-06 5.813141e-01 2.689414e-01 -1.691646e-07 3.036899e-14 7.754975e-08 9.161479e-08 -9.876442e-03 1.773052e-09 1.000000e+00 4.621172e-01
2.623000e+00 3.421806e-06 3.421806e-06 5.813229e-01 2.689414e-01 -1.669512e-07 5.954840e-14 7.648446e-08 9.046669e-08 -9.758076e-03 3.480525e-09 1.000000e+00 4.621172e-01
2.624400e+00 3.418007e-06 3.418007e-06 5.813315e-01 2.689414e-01 -1.647798e-07 3.997862e-13 7.543946e-08 8.933989e-08 -9.641862e-03 2.339294e-08 1.000000e+00 4.621172e-01
2.625800e+00 3.414221e-06 3.414221e-06 5.813399e-01 2.689414e-01 -1.626519e-07 3.699457e-12 7.441427e-08 8.823388e-08 -9.527905e-03 2.167087e-07 1.000000e+00 4.621171e-01
2.627200e+00 3.410447e-06 3.410447e-06 5.813482e-01 2.689414e-01 -1.605566e-07 8.001802e-14 7.340840e-08 8.714815e-08 -9.415576e-03 4.692523e-09 1.000000e+00 4.621172e-01
2.628600e+00 3.406686e-06 3.406686e-06 5.813563e-01 2.689414e-01 -1.585043e-07 7.917985e-13 7.242136e-08 8.608220e-08 -9.305485e-03 4.648497e-08 1.000000e+00 4.621172e-01
2.630000e+00 3.402938e-06 3.402938e-06 5.813643e-01 2.689414e-01 -1.564883e-07 7.720589e-14 7.145271e-08 8.503556e-08 -9.197250e-03 4.537603e-09 1.000000e+00 4.621172e-01
2.631400e+00 3.399201e-06 3.399201e-06 5.813722e-01 2.689414e-01 -1.545098e-07 4.301248e-14 7.050199e-08 8.400777e-08 -9.090948e-03 2.530741e-09 1.000000e+00 4.621172e-01
2.632800e+00 3.395476e-06 3.395476e-06 5.813799e-01 2.689414e-01 -1.525678e-07 6.579706e-13 6.956877e-08 8.299837e-08 -8.986534e-03 3.875572e-08 1.000000e+00 4.621172e-01
2.634200e+00 3.391763e-06 3.391763e-06 5.813874e-01 2.689414e-01 -1.506611e-07 1.500099e-12 6.865265e-08 8.200695e-08 -8.883939e-03 8.845542e-08 1.000000e+00 4.621172e-01
2.635600e+00 3.388062e-06 3.388062e-06 5.813947e-01 2.689415e-01 -1.488130e-07 2.674067e-11 6.775319e-08 8.103305e-08 -8.784549e-03 1.578523e-06 1.000000e+00 4.621171e-01
2.637000e+00 3.384372e-06 3.384372e-06 5.814020e-01 2.689415e-01 -1.469780e-07 3.169065e-11 6.687002e-08 8.007630e-08 -8.685690e-03 1.872764e-06 1.000000e+00 4.621170e-01
2.638400e+00 3.380693e-06 3.380693e-06 5.814093e-01 2.689414e-01 -1.451404e-07 1.329454e-12 6.600276e-08 7.913629e-08 -8.586429e-03 7.864982e-08 1.000000e+00 4.621172e-01
2.639800e+00 3.377025e-06 3.377025e-06 5.814163e-01 2.689414e-01 -1.433690e-07 5.348115e-12 6.515102e-08 7.821262e-08 -8.490846e-03 3.167353e-07 1.000000e+00 4.621171e-01
2.641200e+00 3.373368e-06 3.373368e-06 5.814232e-01 2.689414e-01 -1.416194e-07 2.849816e-14 6.431445e-08 7.730493e-08 -8.396321e-03 1.689597e-09 1.000000e+00 4.621172e-01
2.642600e+00 3.369722e-06 3.369722e-06 5.814300e-01 2.689414e-01 -1.399064e-07 9.022674e-13 6.349269e-08 7.641284e-08 -8.303738e-03 5.355145e-08 1.000000e+00 4.621172e-01
2.644000e+00 3.366086e-06 3.366086e-06 5.814367e-01 2.689414e-01 -1.382216e-07 1.929087e-13 6.268540e-08 7.553601e-08 -8.212600e-03 1.146190e-08 1.000000e+00 4.621172e-01
2.645400e+00 3.362461e-06 3.362461e-06 5.814432e-01 2.689414e-01 -1.365672e-07 8.579915e-13 6.189226e-08 7.467408e-08 -8.123050e-03 5.103354e-08 1.000000e+00 4.621172e-01
2.646800e+00 3.358846e-06 3.358846e-06 5.814496e-01 2.689414e-01 -1.349416e-07 1.908553e-12 6.111294e-08 7.382673e-08 -8.034996e-03 1.136433e-07 1.000000e+00 4.621172e-01
2.648200e+00 3.355242e-06 3.355242e-06 5.814559e-01 2.689415e-01 -1.333570e-07 1.629728e-11 6.034713e-08 7.299363e-08 -7.949176e-03 9.714516e-07 1.000000e+00 4.621171e-01
2.649600e+00 3.351647e-06 3.351647e-06 5.814622e-01 2.689414e-01 -1.317692e-07 2.341574e-13 5.959452e-08 7.217446e-08 -7.862952e-03 1.397267e-08 1.000000e+00 4.621172e-01
2.651000e+00 3.348063e-06 3.348063e-06 5.814683e-01 2.689414e-01 -1.302247e-07 9.140108e-13 5.885482e-08 7.136892e-08 -7.779104e-03 5.459938e-08 1.000000e+00 4.621172e-01
2.652400e+00 3.344488e-06 3.344488e-06 5.814743e-01 2.689414e-01 -1.287061e-07 1.686020e-12 5.812774e-08 7.057670e-08 -7.696611e-03 1.008238e-07 1.000000e+00 4.621172e-01
2.653800e+00 3.340923e-06 3.340923e-06 5.814802e-01 2.689414e-01 -1.272106e-07 8.829558e-14 5.741300e-08 6.979751e-08 -7.615296e-03 5.285699e-09 1.000000e+00 4.621172e-01
2.655200e+00 3.337368e-06 3.337368e-06 5.814861e-01 2.689414e-01 -1.257418e-07 3.830410e-13 5.671033e-08 6.903108e-08 -7.535387e-03 2.295468e-08 1.000000e+00 4.621172e-01
2.656600e+00 3.333822e-06 3.333822e-06 5.814918e-01 2.689414e-01 -1.242984e-07 1.831458e-12 5.601946e-08 6.827711e-08 -7.456811e-03 1.098714e-07 1.000000e+00 4.621172e-01
2.658000e+00 3.330285e-06 3.330285e-06 5.814974e-01 2.689414e-01 -1.228774e-07 1.933333e-12 5.534014e-08 6.753536e-08 -7.379394e-03 1.161062e-07 1.000000e+00 4.621172e-01
2.659400e+00 3.326758e-06 3.326758e-06 5.815029e-01 2.689414e-01 -1.214786e-07 9.139787e-13 5.467211e-08 6.680555e-08 -7.303121e-03 5.494711e-08 1.000000e+00 4.621172e-01
2.660800e+00 3.323240e-06 3.323240e-06 5.815084e-01 2.689414e-01 -1.201029e-07 3.598665e-13 5.401514e-08 6.608744e-08 -7.228063e-03 2.165757e-08 1.000000e+00 4.621172e-01
2.662200e+00 3.319731e-06 3.319731e-06 5.815137e-01 2.689414e-01 -1.187498e-07 7.463051e-14 5.336898e-08 6.538077e-08 -7.154184e-03 4.496179e-09 1.000000e+00 4.621172e-01
2.663600e+00 3.316230e-06 3.316230e-06 5.815174e-01 2.689422e-01 -1.178148e-07 3.963398e-10 5.273329e-08 6.468517e-08 -7.105345e-03 2.390303e-05 1.000000e+00 4.621157e-01
2.665000e+00 3.312739e-06 3.312739e-06 5.815242e-01 2.689414e-01 -1.161090e-07 4.116512e-14 5.210818e-08 6.400080e-08 -7.009850e-03 2.485262e-09 1.000000e+00 4.621172e-01
2.666400e+00 3.309256e-06 3.309256e-06 5.815292e-01 2.689414e-01 -1.148207e-07 5.424752e-13 5.149310e-08 6.332704e-08 -6.939364e-03 3.278532e-08 1.000000e+00 4.621172e-01
2.667800e+00 3.305782e-06 3.305782e-06 5.815343e-01 2.689414e-01 -1.135520e-07 2.151155e-13 5.088795e-08 6.266379e-08 -6.869899e-03 1.301450e-08 1.000000e+00 4.621172e-01
2.669200e+00 3.302317e-06 3.302317e-06 5.815392e-01 2.689414e-01 -1.123034e-07 4.368501e-14 5.029252e-08 6.201085e-08 -6.801492e-03 2.645719e-09 1.000000e+00 4.621172e-01
2.670600e+00 3.298860e-06 3.298860e-06 5.815441e-01 2.689414e-01 -1.110765e-07 1.919946e-12 4.970660e-08 6.136799e-08 -6.734236e-03 1.164006e-07 1.000000e+00 4.621172e-01
2.672000e+00 3.295412e-06 3.295412e-06 5.815488e-01 2.689414e-01 -1.098652e-07 2.315811e-13 4.912999e-08 6.073502e-08 -6.667771e-03 1.405476e-08 1.000000e+00 4.621172e-01
2.673400e+00 3.291971e-06 3.291971e-06 5.815535e-01 2.689414e-01 -1.086747e-07 4.465744e-13 4.856252e-08 6.011173e-08 -6.602409e-03 2.713112e-08 1.000000e+00 4.621172e-01
2.674800e+00 3.288539e-06 3.288539e-06 5.815582e-01 2.689414e-01 -1.075020e-07 4.166945e-14 4.800398e-08 5.949793e-08 -6.537976e-03 2.534223e-09 1.000000e+00 4.621172e-01
2.676200e+00 3.285115e-06 3.285115e-06 5.815627e-01 2.689414e-01 -1.063492e-07 1.555565e-12 4.745420e-08 5.889342e-08 -6.474609e-03 9.470381e-08 1.000000e+00 4.621172e-01
2.677600e+00 3.281699e-06 3.281699e-06 5.815672e-01 2.689414e-01 -1.052114e-07 3.482468e-13 4.691300e-08 5.829803e-08 -6.412005e-03 2.122356e-08 1.000000e+00 4.621172e-01
2.679000e+00 3.278292e-06 3.278292e-06 5.815717e-01 2.689414e-01 -1.040919e-07 1.371255e-13 4.638020e-08 5.771156e-08 -6.350374e-03 8.365669e-09 1.000000e+00 4.621172e-01
2.680400e+00 3.274892e-06 3.274892e-06 5.815760e-01 2.689414e-01 -1.029974e-07 7.921214e-12 4.585563e-08 5.713384e-08 -6.290125e-03 4.837543e-07 1.000000e+00 4.621171e-01
2.681800e+00 3.271499e-06 3.271499e-06 5.815803e-01 2.689414e-01 -1.019039e-07 4.680644e-14 4.533914e-08 5.656470e-08 -6.229797e-03 2.861467e-09 1.000000e+00 4.621172e-01
2.683200e+00 3.268115e-06 3.268115e-06 5.815845e-01 2.689414e-01 -1.008346e-07 3.868251e-14 4.483056e-08 5.600397e-08 -6.170809e-03 2.367267e-09 1.000000e+00 4.621172e-01
2.684600e+00 3.264738e-06 3.264738e-06 5.815887e-01 2.689414e-01 -9.978126e-08 4.657998e-14 4.432973e-08 5.545149e-08 -6.112665e-03 2.853520e-09 1.000000e+00 4.621172e-01
2.686000e+00 3.261369e-06 3.261369e-06 5.815928e-01 2.689414e-01 -9.874436e-08 7.742508e-13 4.383649e-08 5.490709e-08 -6.055393e-03 4.748011e-08 1.000000e+00 4.621172e-01
2.687400e+00 3.258008e-06 3.258008e-06 5.815968e-01 2.689414e-01 -9.772142e-08 9.087222e-14 4.335071e-08 5.437062e-08 -5.998846e-03 5.578392e-09 1.000000e+00 4.621172e-01
2.688800e+00 3.254654e-06 3.254654e-06 5.816008e-01 2.689414e-01 -9.672871e-08 1.455481e-11 4.287223e-08 5.384193e-08 -5.944025e-03 8.944000e-07 1.000000e+00 4.621171e-01
2.690200e+00 3.251307e-06 3.251307e-06 5.816038e-01 2.689418e-01 -9.594971e-08 2.280409e-10 4.240086e-08 5.332081e-08 -5.902224e-03 1.402764e-05 1.000000e+00 4.621163e-01
2.691600e+00 3.247968e-06 3.247968e-06 5.816086e-01 2.689414e-01 -9.474397e-08 6.490511e-14 4.193662e-08 5.280729e-08 -5.834047e-03 3.996660e-09 1.000000e+00 4.621172e-01
2.693000e+00 3.244636e-06 3.244636e-06 5.816124e-01 2.689414e-01 -9.378040e-08 1.403665e-13 4.147921e-08 5.230105e-08 -5.780643e-03 8.652221e-09 1.000000e+00 4.621172e-01
2.694400e+00 3.241311e-06 3.241311e-06 5.816161e-01 2.689414e-01 -9.283074e-08 1.750821e-13 4.102856e-08 5.180201e-08 -5.727975e-03 1.080317e-08 1.000000e+00 4.621172e-01
2.695800e+00 3.237993e-06 3.237993e-06 5.816198e-01 2.689414e-01 -9.189473e-08 1.709969e-13 4.058453e-08 5.131004e-08 -5.676030e-03 1.056191e-08 1.000000e+00 4.621172e-01
2.697200e+00 3.234682e-06 3.234682e-06 5.816235e-01 2.689414e-01 -9.097207e-08 7.308878e-14 4.014700e-08 5.082500e-08 -5.624791e-03 4.519070e-09 1.000000e+00 4.621172e-01
2.698600e+00 3.231379e-06 3.231379e-06 5.816271e-01 2.689414e-01 -9.006270e-08 8.619072e-14 3.971585e-08 5.034676e-08 -5.574258e-03 5.334610e-09 1.000000e+00 4.621172e-01
2.700000e+00 3.228082e-06 3.228082e-06 5.816306e-01 2.689414e-01 -8.916630e-08 1.408086e-13 3.929095e-08 4.987520e-08 -5.524413e-03 8.723975e-09 1.000000e+00 4.621172e-01
