# ###########
# [default parameters]
#   dict([('NL', '20'), ('NR', '25'), ('GNL', '1e-4'), ('GNR', '1e-4'), ('GS', '1.'), ('wL', '5.'), ('wR', '3.'), ('lambdaL', '0.05'), ('lambdaR', '0.05'), ('QL', '1e5'), ('QR', '1e5'), ('TOscL', '5.'), ('TOscR', '5.'), ('TelL', '5.'), ('TelR', '5.'), ('muL', '-1e3'), ('muR', '-1e3'), ('ham', 'chargevib')])
# [assignments]
#   dict([('eLu', 'x'), ('eLd', 'x'), ('eRu', 'x'), ('eRd', 'x')])
# [variables]
#   ['x']
# [columns]
#   ['x', 'IL', 'IR', 'nOscL', 'nOscR', 'dotEOscL', 'dotEOscR', 'dotEelL', 'dotEelR', 'eta_L', 'eta_R', 'eta_NL', 'commL', 'commR']
# ###########
# 
7.060000e-01 2.514709e-05 2.514709e-05 5.799559e-01 1.218506e+00 -5.095788e-07 1.939450e-07 1.459342e-07 1.696996e-07 -4.052785e-03 2.570808e-03 -0.012589353 9.999999e-01 9.999937e-01
7.060120e-01 2.514731e-05 2.514731e-05 5.799397e-01 1.218531e+00 -5.136298e-07 1.961880e-07 1.468383e-07 1.706035e-07 -4.084969e-03 2.600518e-03 -0.01270188 9.999999e-01 9.999937e-01
7.060240e-01 2.514753e-05 2.514753e-05 5.799175e-01 1.218573e+00 -5.191956e-07 1.999215e-07 1.477543e-07 1.715197e-07 -4.129198e-03 2.649983e-03 -0.012868173 9.999999e-01 9.999937e-01
7.060360e-01 2.514776e-05 2.514776e-05 5.798969e-01 1.218609e+00 -5.243348e-07 2.032031e-07 1.486831e-07 1.724486e-07 -4.170032e-03 2.693455e-03 -0.013018734 9.999999e-01 9.999937e-01
7.060480e-01 2.514800e-05 2.514800e-05 5.799524e-01 1.218434e+00 -5.104732e-07 1.874587e-07 1.496275e-07 1.733869e-07 -4.059751e-03 2.484740e-03 -0.012488841 9.999999e-01 9.999937e-01
7.060600e-01 2.514825e-05 2.514825e-05 5.798603e-01 1.218668e+00 -5.334768e-07 2.085520e-07 1.505798e-07 1.743450e-07 -4.242656e-03 2.764302e-03 -0.013277781 9.999999e-01 9.999937e-01
7.060720e-01 2.514851e-05 2.514851e-05 5.798466e-01 1.218685e+00 -5.369130e-07 2.100518e-07 1.515483e-07 1.753129e-07 -4.269939e-03 2.784152e-03 -0.013365963 9.999999e-01 9.999937e-01
7.060840e-01 2.514878e-05 2.514878e-05 5.799225e-01 1.218453e+00 -5.179354e-07 1.891110e-07 1.525338e-07 1.762906e-07 -4.118970e-03 2.506563e-03 -0.012651543 9.999999e-01 9.999937e-01
7.060960e-01 2.514906e-05 2.514906e-05 5.798130e-01 1.218735e+00 -5.453096e-07 2.144935e-07 1.535261e-07 1.772900e-07 -4.336621e-03 2.842963e-03 -0.0135954 9.999999e-01 9.999937e-01
7.061080e-01 2.514935e-05 2.514935e-05 5.799090e-01 1.218446e+00 -5.213215e-07 1.884864e-07 1.545404e-07 1.782947e-07 -4.145805e-03 2.498228e-03 -0.012700665 9.999999e-01 9.999937e-01
7.061200e-01 2.514965e-05 2.514965e-05 5.799347e-01 1.218351e+00 -5.148803e-07 1.799962e-07 1.555668e-07 1.793173e-07 -4.094532e-03 2.385669e-03 -0.012433347 9.999999e-01 9.999937e-01
7.061320e-01 2.514995e-05 2.514995e-05 5.797477e-01 1.218848e+00 -5.616378e-07 2.246768e-07 1.565987e-07 1.803624e-07 -4.466313e-03 2.977829e-03 -0.014069277 9.999999e-01 9.999937e-01
7.061440e-01 2.515027e-05 2.515027e-05 5.797317e-01 1.218869e+00 -5.656490e-07 2.265800e-07 1.576530e-07 1.814161e-07 -4.498154e-03 3.003016e-03 -0.014174919 9.999999e-01 9.999937e-01
7.061560e-01 2.515061e-05 2.515061e-05 5.797633e-01 1.218757e+00 -5.577274e-07 2.165207e-07 1.587240e-07 1.824827e-07 -4.435101e-03 2.869655e-03 -0.013853016 9.999999e-01 9.999937e-01
7.061680e-01 2.515095e-05 2.515095e-05 5.796828e-01 1.218957e+00 -5.778584e-07 2.344820e-07 1.598066e-07 1.835697e-07 -4.595122e-03 3.107664e-03 -0.01453437 9.999999e-01 9.999937e-01
7.061800e-01 2.515131e-05 2.515131e-05 5.798752e-01 1.218398e+00 -5.297589e-07 1.841772e-07 1.609181e-07 1.846637e-07 -4.212575e-03 2.440922e-03 -0.012773538 9.999999e-01 9.999937e-01
7.061920e-01 2.515166e-05 2.515166e-05 5.796389e-01 1.219029e+00 -5.888308e-07 2.410199e-07 1.620241e-07 1.857868e-07 -4.682242e-03 3.194221e-03 -0.014847246 9.999999e-01 9.999937e-01
7.062040e-01 2.515204e-05 2.515204e-05 5.796295e-01 1.219030e+00 -5.911838e-07 2.411054e-07 1.631585e-07 1.869198e-07 -4.700881e-03 3.195307e-03 -0.014890644 9.999999e-01 9.999937e-01
7.062160e-01 2.515243e-05 2.515243e-05 5.796022e-01 1.219080e+00 -5.980028e-07 2.456244e-07 1.643085e-07 1.880699e-07 -4.755031e-03 3.255145e-03 -0.015093261 9.999999e-01 9.999937e-01
7.062280e-01 2.515283e-05 2.515283e-05 5.795910e-01 1.219086e+00 -6.008002e-07 2.460859e-07 1.654770e-07 1.892372e-07 -4.777198e-03 3.261210e-03 -0.015151329 9.999999e-01 9.999937e-01
7.062400e-01 2.515325e-05 2.515325e-05 5.797228e-01 1.218693e+00 -5.678502e-07 2.107619e-07 1.666705e-07 1.904179e-07 -4.515124e-03 2.793037e-03 -0.013929624 9.999999e-01 9.999937e-01
7.062520e-01 2.515366e-05 2.515366e-05 5.795171e-01 1.219238e+00 -6.192883e-07 2.597996e-07 1.678635e-07 1.916252e-07 -4.924040e-03 3.442833e-03 -0.015726915 9.999999e-01 9.999937e-01
7.062640e-01 2.515410e-05 2.515410e-05 5.794918e-01 1.219281e+00 -6.256073e-07 2.636759e-07 1.690850e-07 1.928464e-07 -4.974197e-03 3.494141e-03 -0.01590903 9.999999e-01 9.999937e-01
7.062760e-01 2.515456e-05 2.515456e-05 5.794746e-01 1.219301e+00 -6.299169e-07 2.655049e-07 1.703258e-07 1.940863e-07 -5.008373e-03 3.518315e-03 -0.01601856 9.999999e-01 9.999937e-01
7.062880e-01 2.515503e-05 2.515503e-05 5.796085e-01 1.218901e+00 -5.964402e-07 2.295029e-07 1.715950e-07 1.953423e-07 -4.742114e-03 3.041180e-03 -0.014775354 9.999999e-01 9.999937e-01
7.063000e-01 2.515550e-05 2.515550e-05 5.794197e-01 1.219397e+00 -6.436407e-07 2.741531e-07 1.728637e-07 1.966239e-07 -5.117296e-03 3.632779e-03 -0.016418169 9.999999e-01 9.999937e-01
7.063120e-01 2.515599e-05 2.515599e-05 5.794049e-01 1.219410e+00 -6.473412e-07 2.752553e-07 1.741635e-07 1.979224e-07 -5.146616e-03 3.647313e-03 -0.016503759 9.999999e-01 9.999937e-01
7.063240e-01 2.515650e-05 2.515650e-05 5.793813e-01 1.219446e+00 -6.532357e-07 2.785114e-07 1.754830e-07 1.992413e-07 -5.193375e-03 3.690383e-03 -0.016667109 9.999999e-01 9.999937e-01
7.063360e-01 2.515704e-05 2.515704e-05 5.795414e-01 1.218971e+00 -6.132016e-07 2.357889e-07 1.768350e-07 2.005777e-07 -4.874991e-03 3.124227e-03 -0.015186438 9.999999e-01 9.999937e-01
7.063480e-01 2.515756e-05 2.515756e-05 5.793260e-01 1.219539e+00 -6.670631e-07 2.869366e-07 1.781845e-07 2.019420e-07 -5.303082e-03 3.801861e-03 -0.01706445 9.999999e-01 9.999937e-01
7.063600e-01 2.515811e-05 2.515811e-05 5.792884e-01 1.219613e+00 -6.764636e-07 2.935723e-07 1.795667e-07 2.033246e-07 -5.377697e-03 3.889697e-03 -0.017350911 9.999999e-01 9.999937e-01
7.063720e-01 2.515868e-05 2.515868e-05 5.792657e-01 1.219645e+00 -6.821257e-07 2.964235e-07 1.809726e-07 2.047296e-07 -5.422587e-03 3.927385e-03 -0.017502795 9.999999e-01 9.999937e-01
7.063840e-01 2.515927e-05 2.515927e-05 5.792248e-01 1.219727e+00 -6.923557e-07 3.037990e-07 1.823996e-07 2.061571e-07 -5.503783e-03 4.025011e-03 -0.017817282 9.999999e-01 9.999937e-01
7.063960e-01 2.515987e-05 2.515987e-05 5.792101e-01 1.219736e+00 -6.960471e-07 3.045872e-07 1.838520e-07 2.076079e-07 -5.532995e-03 4.035358e-03 -0.017896968 9.999999e-01 9.999937e-01
7.064080e-01 2.516049e-05 2.516049e-05 5.791851e-01 1.219772e+00 -7.022957e-07 3.078850e-07 1.853278e-07 2.090828e-07 -5.582529e-03 4.078949e-03 -0.018067275 9.999999e-01 9.999937e-01
7.064200e-01 2.516112e-05 2.516112e-05 5.791436e-01 1.219854e+00 -7.126505e-07 3.152428e-07 1.868261e-07 2.105815e-07 -5.664696e-03 4.176322e-03 -0.018383598 9.999999e-01 9.999937e-01
7.064320e-01 2.516179e-05 2.516179e-05 5.792839e-01 1.219430e+00 -6.775874e-07 2.771187e-07 1.883638e-07 2.121049e-07 -5.385845e-03 3.671158e-03 -0.017074215 9.999999e-01 9.999937e-01
7.064440e-01 2.516246e-05 2.516246e-05 5.792780e-01 1.219412e+00 -6.790714e-07 2.754991e-07 1.899169e-07 2.136554e-07 -5.397496e-03 3.649604e-03 -0.017071335 9.999999e-01 9.999937e-01
7.064560e-01 2.516315e-05 2.516315e-05 5.792266e-01 1.219520e+00 -6.919164e-07 2.851939e-07 1.914915e-07 2.152310e-07 -5.499442e-03 3.777931e-03 -0.01747395 9.999999e-01 9.999937e-01
7.064680e-01 2.516385e-05 2.516385e-05 5.791561e-01 1.219680e+00 -7.095418e-07 2.996218e-07 1.930890e-07 2.168310e-07 -5.639374e-03 3.968944e-03 -0.018046665 9.999999e-01 9.999937e-01
7.064800e-01 2.516457e-05 2.516457e-05 5.789859e-01 1.220117e+00 -7.520905e-07 3.389225e-07 1.947078e-07 2.184603e-07 -5.977376e-03 4.489414e-03 -0.019509804 9.999999e-01 9.999937e-01
7.064920e-01 2.516532e-05 2.516532e-05 5.789532e-01 1.220171e+00 -7.602558e-07 3.437731e-07 1.963654e-07 2.201173e-07 -6.042092e-03 4.553531e-03 -0.019741977 9.999999e-01 9.999937e-01
7.065040e-01 2.516608e-05 2.516608e-05 5.789226e-01 1.220218e+00 -7.679069e-07 3.480523e-07 1.980518e-07 2.218028e-07 -6.102713e-03 4.610072e-03 -0.019954701 9.999999e-01 9.999937e-01
7.065160e-01 2.516687e-05 2.516687e-05 5.788978e-01 1.220249e+00 -7.741214e-07 3.508360e-07 1.997680e-07 2.235175e-07 -6.151908e-03 4.646796e-03 -0.020114964 9.999999e-01 9.999937e-01
7.065280e-01 2.516768e-05 2.516768e-05 5.788602e-01 1.220315e+00 -7.835112e-07 3.567359e-07 2.015132e-07 2.252622e-07 -6.226328e-03 4.724788e-03 -0.0203877 9.999999e-01 9.999937e-01
7.065400e-01 2.516852e-05 2.516852e-05 5.788470e-01 1.220312e+00 -7.868016e-07 3.564723e-07 2.032914e-07 2.270379e-07 -6.252269e-03 4.721140e-03 -0.020441142 9.999999e-01 9.999937e-01
7.065520e-01 2.516937e-05 2.516937e-05 5.787782e-01 1.220463e+00 -8.040005e-07 3.700617e-07 2.050952e-07 2.288436e-07 -6.388723e-03 4.900955e-03 -0.020990916 9.999999e-01 9.999937e-01
7.065640e-01 2.517024e-05 2.517024e-05 5.787626e-01 1.220466e+00 -8.079072e-07 3.702865e-07 2.069374e-07 2.306833e-07 -6.419543e-03 4.903760e-03 -0.02106405 9.999999e-01 9.999937e-01
7.065760e-01 2.517115e-05 2.517115e-05 5.788384e-01 1.220213e+00 -7.889641e-07 3.475866e-07 2.088207e-07 2.325567e-07 -6.268796e-03 4.602976e-03 -0.020318805 9.999999e-01 9.999937e-01
7.065880e-01 2.517207e-05 2.517207e-05 5.786863e-01 1.220594e+00 -8.269846e-07 3.818078e-07 2.107162e-07 2.344606e-07 -6.570653e-03 5.055972e-03 -0.021609531 9.999999e-01 9.999937e-01
7.066000e-01 2.517301e-05 2.517301e-05 5.786435e-01 1.220669e+00 -8.376900e-07 3.886330e-07 2.126566e-07 2.364004e-07 -6.655461e-03 5.146159e-03 -0.021922101 9.999999e-01 9.999937e-01
7.066120e-01 2.517399e-05 2.517399e-05 5.786189e-01 1.220694e+00 -8.438337e-07 3.908214e-07 2.146353e-07 2.383770e-07 -6.704013e-03 5.174937e-03 -0.022070196 9.999999e-01 9.999937e-01
7.066240e-01 2.517499e-05 2.517499e-05 5.785701e-01 1.220785e+00 -8.560303e-07 3.989946e-07 2.166470e-07 2.403886e-07 -6.800642e-03 5.282951e-03 -0.022433427 9.999999e-01 9.999937e-01
7.066360e-01 2.517601e-05 2.517601e-05 5.785377e-01 1.220829e+00 -8.641450e-07 4.030076e-07 2.186987e-07 2.424387e-07 -6.864828e-03 5.335868e-03 -0.022649283 9.999999e-01 9.999937e-01
7.066480e-01 2.517706e-05 2.517706e-05 5.784945e-01 1.220903e+00 -8.749345e-07 4.096211e-07 2.207871e-07 2.445263e-07 -6.950251e-03 5.423205e-03 -0.022959387 9.999999e-01 9.999937e-01
7.066600e-01 2.517817e-05 2.517817e-05 5.786770e-01 1.220348e+00 -8.293162e-07 3.597091e-07 2.229435e-07 2.466636e-07 -6.587582e-03 4.762183e-03 -0.021251007 9.999999e-01 9.999937e-01
7.066720e-01 2.517925e-05 2.517925e-05 5.783760e-01 1.221136e+00 -9.045478e-07 4.306494e-07 2.250792e-07 2.488191e-07 -7.184867e-03 5.701115e-03 -0.023862456 9.999999e-01 9.999937e-01
7.066840e-01 2.518039e-05 2.518039e-05 5.783334e-01 1.221206e+00 -9.152114e-07 4.368940e-07 2.272893e-07 2.510280e-07 -7.269240e-03 5.783523e-03 -0.024163542 9.999999e-01 9.999937e-01
7.066960e-01 2.518155e-05 2.518155e-05 5.782837e-01 1.221294e+00 -9.276337e-07 4.448135e-07 2.295411e-07 2.532791e-07 -7.367565e-03 5.888086e-03 -0.024525936 9.999999e-01 9.999937e-01
7.067080e-01 2.518275e-05 2.518275e-05 5.782466e-01 1.221346e+00 -9.369033e-07 4.494901e-07 2.318385e-07 2.555748e-07 -7.440833e-03 5.949707e-03 -0.024773976 9.999999e-01 9.999937e-01
7.067200e-01 2.518399e-05 2.518399e-05 5.782763e-01 1.221211e+00 -9.294859e-07 4.373805e-07 2.341881e-07 2.579172e-07 -7.381561e-03 5.789134e-03 -0.02442384 9.999999e-01 9.999937e-01
7.067320e-01 2.518527e-05 2.518527e-05 5.783316e-01 1.221004e+00 -9.156567e-07 4.187551e-07 2.365910e-07 2.603106e-07 -7.271367e-03 5.542328e-03 -0.023842719 9.999999e-01 9.999937e-01
7.067440e-01 2.518657e-05 2.518657e-05 5.782790e-01 1.221096e+00 -9.287967e-07 4.270244e-07 2.390268e-07 2.627455e-07 -7.375334e-03 5.651483e-03 -0.024224004 9.999999e-01 9.999937e-01
7.067560e-01 2.518788e-05 2.518788e-05 5.780739e-01 1.221611e+00 -9.800845e-07 4.733803e-07 2.414871e-07 2.652172e-07 -7.782192e-03 6.264657e-03 -0.025967214 9.999999e-01 9.999937e-01
7.067680e-01 2.518928e-05 2.518928e-05 5.782420e-01 1.221087e+00 -9.380508e-07 4.262317e-07 2.440539e-07 2.677651e-07 -7.448017e-03 5.640386e-03 -0.024372558 9.999999e-01 9.999937e-01
7.067800e-01 2.519065e-05 2.519065e-05 5.779486e-01 1.221845e+00 -1.011412e-06 4.944799e-07 2.466011e-07 2.703306e-07 -8.030057e-03 6.543168e-03 -0.02690091 9.999999e-01 9.999937e-01
7.067920e-01 2.519209e-05 2.519209e-05 5.779268e-01 1.221847e+00 -1.016865e-06 4.946517e-07 2.492437e-07 2.729693e-07 -8.072888e-03 6.545066e-03 -0.026999838 9.999999e-01 9.999937e-01
7.068040e-01 2.519357e-05 2.519357e-05 5.778606e-01 1.221972e+00 -1.033421e-06 5.058290e-07 2.519333e-07 2.756587e-07 -8.203848e-03 6.692568e-03 -0.027493623 9.999999e-01 9.999937e-01
7.068160e-01 2.519509e-05 2.519509e-05 5.777971e-01 1.222087e+00 -1.049276e-06 5.161914e-07 2.546798e-07 2.784045e-07 -8.329209e-03 6.829260e-03 -0.027960219 9.999999e-01 9.999937e-01
7.068280e-01 2.519665e-05 2.519665e-05 5.777430e-01 1.222175e+00 -1.062812e-06 5.241175e-07 2.574857e-07 2.812088e-07 -8.436138e-03 6.933694e-03 -0.028341801 9.999999e-01 9.999937e-01
7.068400e-01 2.519829e-05 2.519829e-05 5.779399e-01 1.221563e+00 -1.013575e-06 4.690834e-07 2.603952e-07 2.840964e-07 -8.044794e-03 6.205230e-03 -0.026477847 9.999999e-01 9.999937e-01
7.068520e-01 2.519991e-05 2.519991e-05 5.777809e-01 1.221940e+00 -1.053323e-06 5.030105e-07 2.633024e-07 2.870103e-07 -8.359736e-03 6.653600e-03 -0.027791766 9.999999e-01 9.999937e-01
7.068640e-01 2.520158e-05 2.520158e-05 5.775831e-01 1.222424e+00 -1.102795e-06 5.465428e-07 2.662675e-07 2.899850e-07 -8.751794e-03 7.228948e-03 -0.029450619 9.999999e-01 9.999937e-01
7.068760e-01 2.520334e-05 2.520334e-05 5.776868e-01 1.222068e+00 -1.076868e-06 5.144643e-07 2.693508e-07 2.930534e-07 -8.545441e-03 6.804180e-03 -0.028412883 9.999999e-01 9.999937e-01
7.068880e-01 2.520512e-05 2.520512e-05 5.775619e-01 1.222345e+00 -1.108080e-06 5.394553e-07 2.724592e-07 2.961654e-07 -8.792500e-03 7.134204e-03 -0.029414304 9.999999e-01 9.999937e-01
7.069000e-01 2.520693e-05 2.520693e-05 5.773687e-01 1.222811e+00 -1.156375e-06 5.814112e-07 2.756245e-07 2.993395e-07 -9.175058e-03 7.688510e-03 -0.031023369 9.999999e-01 9.999937e-01
7.069120e-01 2.520883e-05 2.520883e-05 5.774393e-01 1.222543e+00 -1.138737e-06 5.572173e-07 2.789085e-07 3.026109e-07 -9.034428e-03 7.368018e-03 -0.03027429 9.999999e-01 9.999937e-01
7.069240e-01 2.521077e-05 2.521077e-05 5.774205e-01 1.222521e+00 -1.143440e-06 5.552372e-07 2.822531e-07 3.059498e-07 -9.071044e-03 7.341270e-03 -0.030320568 9.999999e-01 9.999937e-01
7.069360e-01 2.521273e-05 2.521273e-05 5.771839e-01 1.223103e+00 -1.202584e-06 6.076193e-07 2.856281e-07 3.093367e-07 -9.539498e-03 8.033233e-03 -0.03230874 9.999999e-01 9.999937e-01
7.069480e-01 2.521484e-05 2.521484e-05 5.774827e-01 1.222194e+00 -1.127897e-06 5.258264e-07 2.891965e-07 3.128736e-07 -8.946292e-03 6.951283e-03 -0.029513385 9.999999e-01 9.999937e-01
7.069600e-01 2.521692e-05 2.521692e-05 5.773393e-01 1.222513e+00 -1.163731e-06 5.545589e-07 2.927458e-07 3.164268e-07 -9.229766e-03 7.330513e-03 -0.030663162 9.999999e-01 9.999937e-01
7.069720e-01 2.521903e-05 2.521903e-05 5.769968e-01 1.223385e+00 -1.249359e-06 6.329883e-07 2.963351e-07 3.200360e-07 -9.908068e-03 8.366543e-03 -0.033587982 9.999999e-01 9.999937e-01
7.069840e-01 2.522130e-05 2.522130e-05 5.772016e-01 1.222732e+00 -1.198166e-06 5.742232e-07 3.001330e-07 3.238094e-07 -9.501221e-03 7.589131e-03 -0.031623075 9.999999e-01 9.999937e-01
7.069960e-01 2.522352e-05 2.522352e-05 5.768189e-01 1.223711e+00 -1.293827e-06 6.623548e-07 3.038867e-07 3.275858e-07 -1.025889e-02 8.753137e-03 -0.034899246 9.999999e-01 9.999936e-01
7.070080e-01 2.522587e-05 2.522587e-05 5.767379e-01 1.223849e+00 -1.314078e-06 6.747815e-07 3.077996e-07 3.314970e-07 -1.041850e-02 8.916529e-03 -0.035478936 9.999999e-01 9.999936e-01
7.070200e-01 2.522828e-05 2.522828e-05 5.766709e-01 1.223946e+00 -1.330831e-06 6.835130e-07 3.118117e-07 3.355059e-07 -1.055031e-02 9.031043e-03 -0.035930097 9.999999e-01 9.999936e-01
7.070320e-01 2.523076e-05 2.523076e-05 5.765686e-01 1.224139e+00 -1.356412e-06 7.008925e-07 3.159127e-07 3.396064e-07 -1.075205e-02 9.259763e-03 -0.036692793 9.999999e-01 9.999936e-01
7.070440e-01 2.523331e-05 2.523331e-05 5.764910e-01 1.224261e+00 -1.375817e-06 7.118830e-07 3.201214e-07 3.438124e-07 -1.090477e-02 9.404012e-03 -0.037231146 9.999999e-01 9.999936e-01
7.070560e-01 2.523596e-05 2.523596e-05 5.765329e-01 1.224048e+00 -1.365330e-06 6.927215e-07 3.244650e-07 3.481434e-07 -1.082051e-02 9.149926e-03 -0.036698544 9.999999e-01 9.999937e-01
7.070680e-01 2.523865e-05 2.523865e-05 5.763667e-01 1.224412e+00 -1.406887e-06 7.254747e-07 3.288652e-07 3.525476e-07 -1.114868e-02 9.581531e-03 -0.038019591 9.999999e-01 9.999937e-01
7.070800e-01 2.524144e-05 2.524144e-05 5.763274e-01 1.224421e+00 -1.416719e-06 7.262269e-07 3.334079e-07 3.570837e-07 -1.122534e-02 9.590407e-03 -0.038204064 9.999999e-01 9.999937e-01
7.070920e-01 2.524436e-05 2.524436e-05 5.765153e-01 1.223794e+00 -1.369736e-06 6.698080e-07 3.381384e-07 3.617892e-07 -1.085181e-02 8.844324e-03 -0.036356418 9.999999e-01 9.999937e-01
7.071040e-01 2.524722e-05 2.524722e-05 5.760206e-01 1.225064e+00 -1.493416e-06 7.841512e-07 3.427919e-07 3.664724e-07 -1.183034e-02 1.035297e-02 -0.040594761 9.999999e-01 9.999936e-01
7.071160e-01 2.525026e-05 2.525026e-05 5.759247e-01 1.225222e+00 -1.517401e-06 7.983560e-07 3.476835e-07 3.713613e-07 -1.201889e-02 1.053924e-02 -0.04127049 9.999999e-01 9.999936e-01
7.071280e-01 2.525339e-05 2.525339e-05 5.758222e-01 1.225395e+00 -1.543012e-06 8.139307e-07 3.527029e-07 3.763782e-07 -1.222024e-02 1.074352e-02 -0.041999283 9.999999e-01 9.999936e-01
7.071400e-01 2.525665e-05 2.525665e-05 5.758813e-01 1.225116e+00 -1.528244e-06 7.887702e-07 3.579073e-07 3.815668e-07 -1.210172e-02 1.041007e-02 -0.04128246 9.999999e-01 9.999937e-01
7.071520e-01 2.525993e-05 2.525993e-05 5.756313e-01 1.225693e+00 -1.590748e-06 8.407713e-07 3.631541e-07 3.868225e-07 -1.259503e-02 1.109493e-02 -0.043316973 9.999999e-01 9.999936e-01
7.071640e-01 2.526335e-05 2.526335e-05 5.755317e-01 1.225849e+00 -1.615640e-06 8.547878e-07 3.685934e-07 3.922583e-07 -1.279038e-02 1.127836e-02 -0.044004141 9.999999e-01 9.999936e-01
7.071760e-01 2.526689e-05 2.526689e-05 5.754337e-01 1.225997e+00 -1.640141e-06 8.681129e-07 3.741835e-07 3.978443e-07 -1.298253e-02 1.145258e-02 -0.04467168 9.999999e-01 9.999936e-01
7.071880e-01 2.527052e-05 2.527052e-05 5.753122e-01 1.226207e+00 -1.670521e-06 8.870174e-07 3.799225e-07 4.035809e-07 -1.322110e-02 1.170029e-02 -0.04554288 9.999999e-01 9.999936e-01
7.072000e-01 2.527434e-05 2.527434e-05 5.754333e-01 1.225738e+00 -1.640245e-06 8.447936e-07 3.859078e-07 4.095438e-07 -1.297953e-02 1.114165e-02 -0.044245179 9.999999e-01 9.999937e-01
7.072120e-01 2.527821e-05 2.527821e-05 5.753132e-01 1.225937e+00 -1.670283e-06 8.626887e-07 3.919809e-07 4.156137e-07 -1.321520e-02 1.137592e-02 -0.045091701 9.999999e-01 9.999936e-01
7.072240e-01 2.528214e-05 2.528214e-05 5.749488e-01 1.226812e+00 -1.761382e-06 9.414514e-07 3.981411e-07 4.217900e-07 -1.393381e-02 1.241260e-02 -0.048108087 9.999999e-01 9.999936e-01
7.072360e-01 2.528626e-05 2.528626e-05 5.748174e-01 1.227034e+00 -1.794230e-06 9.614523e-07 4.045660e-07 4.282119e-07 -1.419135e-02 1.267424e-02 -0.049040757 9.999999e-01 9.999936e-01
7.072480e-01 2.529061e-05 2.529061e-05 5.750108e-01 1.226347e+00 -1.745863e-06 8.996282e-07 4.113093e-07 4.349254e-07 -1.380641e-02 1.185721e-02 -0.047071656 9.999999e-01 9.999936e-01
7.072600e-01 2.529512e-05 2.529512e-05 5.752142e-01 1.225628e+00 -1.695022e-06 8.348963e-07 4.182701e-07 4.418551e-07 -1.340197e-02 1.100207e-02 -0.045007227 9.999999e-01 9.999937e-01
7.072720e-01 2.529946e-05 2.529946e-05 5.744528e-01 1.227593e+00 -1.885387e-06 1.011698e-06 4.250287e-07 4.486604e-07 -1.490457e-02 1.332964e-02 -0.051530292 9.999999e-01 9.999936e-01
7.072840e-01 2.530415e-05 2.530415e-05 5.742780e-01 1.227918e+00 -1.929082e-06 1.040954e-06 4.322489e-07 4.558794e-07 -1.524716e-02 1.371256e-02 -0.052818075 9.999999e-01 9.999936e-01
7.072960e-01 2.530901e-05 2.530901e-05 5.741665e-01 1.228061e+00 -1.956943e-06 1.053879e-06 4.397202e-07 4.633439e-07 -1.546440e-02 1.388015e-02 -0.053533089 9.999999e-01 9.999936e-01
7.073080e-01 2.531402e-05 2.531402e-05 5.740111e-01 1.228322e+00 -1.995799e-06 1.077363e-06 4.474081e-07 4.710280e-07 -1.576832e-02 1.418664e-02 -0.054630693 9.999999e-01 9.999936e-01
7.073200e-01 2.531919e-05 2.531919e-05 5.737777e-01 1.228795e+00 -2.054151e-06 1.119915e-06 4.553068e-07 4.789288e-07 -1.622604e-02 1.474396e-02 -0.056412936 9.999999e-01 9.999936e-01
7.073320e-01 2.532455e-05 2.532455e-05 5.736119e-01 1.229074e+00 -2.095605e-06 1.145005e-06 4.634911e-07 4.871091e-07 -1.654999e-02 1.507108e-02 -0.057583422 9.999999e-01 9.999936e-01
7.073440e-01 2.533011e-05 2.533011e-05 5.734459e-01 1.229347e+00 -2.137112e-06 1.169612e-06 4.719430e-07 4.955566e-07 -1.687409e-02 1.539160e-02 -0.058745349 9.999999e-01 9.999936e-01
7.073560e-01 2.533609e-05 2.533609e-05 5.738801e-01 1.227941e+00 -2.028550e-06 1.043034e-06 4.809778e-07 5.045377e-07 -1.601312e-02 1.372264e-02 -0.054555093 9.999999e-01 9.999936e-01
7.073680e-01 2.534182e-05 2.534182e-05 5.730908e-01 1.229939e+00 -2.225884e-06 1.222897e-06 4.896911e-07 5.132959e-07 -1.756689e-02 1.608537e-02 -0.061240752 9.999999e-01 9.999936e-01
7.073800e-01 2.534803e-05 2.534803e-05 5.730112e-01 1.229952e+00 -2.245786e-06 1.224059e-06 4.990676e-07 5.226591e-07 -1.771961e-02 1.609670e-02 -0.061599663 9.999999e-01 9.999936e-01
7.073920e-01 2.535442e-05 2.535442e-05 5.728086e-01 1.230301e+00 -2.296439e-06 1.255436e-06 5.087077e-07 5.322953e-07 -1.811470e-02 1.650515e-02 -0.063040032 9.999999e-01 9.999936e-01
7.074040e-01 2.536106e-05 2.536106e-05 5.725968e-01 1.230668e+00 -2.349392e-06 1.288448e-06 5.186803e-07 5.422639e-07 -1.852756e-02 1.693473e-02 -0.0645489 9.999999e-01 9.999936e-01
7.074160e-01 2.536808e-05 2.536808e-05 5.727122e-01 1.230114e+00 -2.320530e-06 1.238581e-06 5.291981e-07 5.527505e-07 -1.829488e-02 1.627480e-02 -0.06313446 9.999999e-01 9.999936e-01
7.074280e-01 2.537506e-05 2.537506e-05 5.721149e-01 1.231540e+00 -2.469867e-06 1.366932e-06 5.396779e-07 5.632563e-07 -1.946688e-02 1.795637e-02 -0.068041584 9.999999e-01 9.999936e-01
7.074400e-01 2.538249e-05 2.538249e-05 5.719132e-01 1.231854e+00 -2.520301e-06 1.395181e-06 5.507742e-07 5.743456e-07 -1.985858e-02 1.832209e-02 -0.069416613 9.999999e-01 9.999936e-01
7.074520e-01 2.539038e-05 2.539038e-05 5.720626e-01 1.231178e+00 -2.482956e-06 1.334405e-06 5.625077e-07 5.860429e-07 -1.955824e-02 1.751852e-02 -0.067656051 9.999999e-01 9.999936e-01
7.074640e-01 2.539821e-05 2.539821e-05 5.714338e-01 1.232665e+00 -2.640156e-06 1.468222e-06 5.741862e-07 5.977474e-07 -2.079009e-02 1.926937e-02 -0.072791361 9.999999e-01 9.999936e-01
7.074760e-01 2.540654e-05 2.540654e-05 5.711792e-01 1.233098e+00 -2.703791e-06 1.507122e-06 5.865567e-07 6.101126e-07 -2.128422e-02 1.977342e-02 -0.074583612 9.999999e-01 9.999936e-01
7.074880e-01 2.541522e-05 2.541522e-05 5.709701e-01 1.233392e+00 -2.756080e-06 1.533663e-06 5.994354e-07 6.229814e-07 -2.168841e-02 2.011475e-02 -0.075953844 9.999999e-01 9.999936e-01
7.075000e-01 2.542422e-05 2.542422e-05 5.706393e-01 1.234016e+00 -2.838787e-06 1.589744e-06 6.127494e-07 6.362943e-07 -2.233136e-02 2.084290e-02 -0.078383484 9.999999e-01 9.999936e-01
7.075120e-01 2.543400e-05 2.543400e-05 5.710653e-01 1.232513e+00 -2.732293e-06 1.454500e-06 6.271560e-07 6.506372e-07 -2.148535e-02 1.906240e-02 -0.074076291 9.999999e-01 9.999936e-01
7.075240e-01 2.544346e-05 2.544346e-05 5.701698e-01 1.234689e+00 -2.956160e-06 1.650357e-06 6.411399e-07 6.646639e-07 -2.323709e-02 2.162123e-02 -0.081472113 9.999999e-01 9.999936e-01
7.075360e-01 2.545431e-05 2.545431e-05 5.709451e-01 1.232183e+00 -2.762337e-06 1.424822e-06 6.570425e-07 6.804719e-07 -2.170427e-02 1.865856e-02 -0.074023659 9.999999e-01 9.999936e-01
7.075480e-01 2.546466e-05 2.546466e-05 5.700933e-01 1.234211e+00 -2.975297e-06 1.607273e-06 6.722785e-07 6.957449e-07 -2.336805e-02 2.103927e-02 -0.080981118 9.999999e-01 9.999936e-01
7.075600e-01 2.547555e-05 2.547555e-05 5.693886e-01 1.235812e+00 -3.151463e-06 1.751399e-06 6.882869e-07 7.117768e-07 -2.474107e-02 2.291608e-02 -0.08660412 9.999999e-01 9.999936e-01
7.075720e-01 2.548717e-05 2.548717e-05 5.690197e-01 1.236459e+00 -3.243694e-06 1.809599e-06 7.053051e-07 7.287898e-07 -2.545354e-02 2.366679e-02 -0.089220645 9.999999e-01 9.999936e-01
7.075840e-01 2.549920e-05 2.549920e-05 5.684555e-01 1.237635e+00 -3.384743e-06 1.915436e-06 7.229068e-07 7.464006e-07 -2.654784e-02 2.503917e-02 -0.09353556 9.999999e-01 9.999936e-01
7.075960e-01 2.551225e-05 2.551225e-05 5.686089e-01 1.236787e+00 -3.346401e-06 1.839099e-06 7.419298e-07 7.653727e-07 -2.623369e-02 2.402897e-02 -0.09146493 9.999999e-01 9.999936e-01
7.076080e-01 2.552522e-05 2.552522e-05 5.676910e-01 1.238915e+00 -3.575891e-06 2.030649e-06 7.608822e-07 7.843599e-07 -2.801849e-02 2.651820e-02 -0.09884115 9.999999e-01 9.999936e-01
7.076200e-01 2.553917e-05 2.553917e-05 5.672823e-01 1.239599e+00 -3.678072e-06 2.092220e-06 7.811914e-07 8.046605e-07 -2.880338e-02 2.730733e-02 -0.10167246 9.999999e-01 9.999936e-01
7.076320e-01 2.555382e-05 2.555382e-05 5.668959e-01 1.240199e+00 -3.774675e-06 2.146234e-06 8.024924e-07 8.259493e-07 -2.954295e-02 2.799625e-02 -0.10426653 9.999999e-01 9.999936e-01
7.076440e-01 2.556918e-05 2.556918e-05 5.664768e-01 1.240868e+00 -3.879438e-06 2.206383e-06 8.248051e-07 8.482504e-07 -3.034464e-02 2.876357e-02 -0.1071063 9.999999e-01 9.999935e-01
7.076560e-01 2.558526e-05 2.558526e-05 5.659287e-01 1.241872e+00 -4.016478e-06 2.296796e-06 8.481202e-07 8.715624e-07 -3.139682e-02 2.992343e-02 -0.11103948 9.999999e-01 9.999935e-01
7.076680e-01 2.560225e-05 2.560225e-05 5.655098e-01 1.242489e+00 -4.121209e-06 2.352322e-06 8.727303e-07 8.961565e-07 -3.219412e-02 3.062650e-02 -0.11378259 9.999999e-01 9.999935e-01
7.076800e-01 2.562053e-05 2.562053e-05 5.655225e-01 1.241868e+00 -4.118042e-06 2.296373e-06 8.991480e-07 9.225204e-07 -3.214642e-02 2.987674e-02 -0.11266308 9.999999e-01 9.999936e-01
7.076920e-01 2.563886e-05 2.563886e-05 5.644378e-01 1.244291e+00 -4.389213e-06 2.514480e-06 9.256635e-07 9.490692e-07 -3.423876e-02 3.269101e-02 -0.12117006 9.999999e-01 9.999935e-01
7.077040e-01 2.565919e-05 2.565919e-05 5.644279e-01 1.243668e+00 -4.391688e-06 2.458387e-06 9.549764e-07 9.783246e-07 -3.423092e-02 3.193641e-02 -0.12013371 9.999999e-01 9.999936e-01
7.077160e-01 2.567984e-05 2.567984e-05 5.635973e-01 1.245313e+00 -4.599361e-06 2.606461e-06 9.847728e-07 1.008128e-06 -3.582079e-02 3.383277e-02 -0.12627099 9.999999e-01 9.999936e-01
7.077280e-01 2.570213e-05 2.570213e-05 5.631536e-01 1.245833e+00 -4.710271e-06 2.653228e-06 1.016858e-06 1.040185e-06 -3.665277e-02 3.440997e-02 -0.12892221 9.999999e-01 9.999936e-01
7.077400e-01 2.572503e-05 2.572503e-05 5.620028e-01 1.248297e+00 -4.998001e-06 2.874970e-06 1.049839e-06 1.073192e-06 -3.885710e-02 3.725257e-02 -0.13771944 9.999999e-01 9.999935e-01
7.077520e-01 2.574967e-05 2.574967e-05 5.611882e-01 1.249772e+00 -5.201641e-06 3.007789e-06 1.085252e-06 1.108600e-06 -4.040162e-02 3.893628e-02 -0.14346765 9.999999e-01 9.999935e-01
7.077640e-01 2.577587e-05 2.577587e-05 5.604295e-01 1.251044e+00 -5.391337e-06 3.122246e-06 1.122878e-06 1.146213e-06 -4.183244e-02 4.037686e-02 -0.14863176 9.999999e-01 9.999935e-01
7.077760e-01 2.580528e-05 2.580528e-05 5.609886e-01 1.248557e+00 -5.251561e-06 2.898349e-06 1.165003e-06 1.188210e-06 -4.070145e-02 3.743871e-02 -0.14212053 9.999999e-01 9.999935e-01
7.077880e-01 2.583326e-05 2.583326e-05 5.587977e-01 1.253749e+00 -5.799287e-06 3.365616e-06 1.205184e-06 1.228487e-06 -4.489783e-02 4.342742e-02 -0.15964713 9.999999e-01 9.999935e-01
7.078000e-01 2.586478e-05 2.586478e-05 5.579509e-01 1.255098e+00 -6.011000e-06 3.487080e-06 1.250319e-06 1.273601e-06 -4.648019e-02 4.493988e-02 -0.16524927 9.999999e-01 9.999935e-01
7.078120e-01 2.589852e-05 2.589852e-05 5.571730e-01 1.256187e+00 -6.205495e-06 3.585077e-06 1.298584e-06 1.321834e-06 -4.792162e-02 4.614263e-02 -0.1701162 9.999999e-01 9.999935e-01
7.078240e-01 2.593434e-05 2.593434e-05 5.561751e-01 1.257821e+00 -6.454983e-06 3.732134e-06 1.349810e-06 1.373039e-06 -4.977942e-02 4.796901e-02 -0.17676189 9.999999e-01 9.999935e-01
7.078360e-01 2.597263e-05 2.597263e-05 5.551066e-01 1.259574e+00 -6.722107e-06 3.889864e-06 1.404518e-06 1.427725e-06 -5.176300e-02 4.992260e-02 -0.18386226 9.999999e-01 9.999935e-01
7.078480e-01 2.601532e-05 2.601532e-05 5.550129e-01 1.258483e+00 -6.745561e-06 3.791654e-06 1.465405e-06 1.488502e-06 -5.185837e-02 4.858232e-02 -0.18226746 9.999999e-01 9.999935e-01
7.078600e-01 2.605729e-05 2.605729e-05 5.525121e-01 1.264097e+00 -7.370784e-06 4.296919e-06 1.525342e-06 1.548523e-06 -5.657369e-02 5.496759e-02 -0.20149704 9.999999e-01 9.999934e-01
7.078720e-01 2.610440e-05 2.610440e-05 5.511347e-01 1.266431e+00 -7.715138e-06 4.506944e-06 1.592517e-06 1.615677e-06 -5.910987e-02 5.755025e-02 -0.21069 9.999999e-01 9.999934e-01
7.078840e-01 2.615517e-05 2.615517e-05 5.497148e-01 1.268768e+00 -8.070132e-06 4.717278e-06 1.664860e-06 1.687994e-06 -6.170965e-02 6.011913e-02 -0.22000752 9.999999e-01 9.999934e-01
7.078960e-01 2.620982e-05 2.620982e-05 5.481444e-01 1.271401e+00 -8.462755e-06 4.954269e-06 1.742688e-06 1.765797e-06 -6.457697e-02 6.300779e-02 -0.23035869 9.999999e-01 9.999934e-01
7.079080e-01 2.626896e-05 2.626896e-05 5.465535e-01 1.273951e+00 -8.860496e-06 5.183715e-06 1.826854e-06 1.849927e-06 -6.745981e-02 6.577743e-02 -0.24058413 9.999999e-01 9.999934e-01
7.079200e-01 2.633341e-05 2.633341e-05 5.450915e-01 1.275976e+00 -9.226012e-06 5.365990e-06 1.918504e-06 1.941518e-06 -7.007079e-02 6.792373e-02 -0.24935634 9.999999e-01 9.999934e-01
7.079320e-01 2.640606e-05 2.640606e-05 5.445998e-01 1.275051e+00 -9.348962e-06 5.282670e-06 2.021718e-06 2.044574e-06 -7.080923e-02 6.668508e-02 -0.24934563 9.999999e-01 9.999935e-01
7.079440e-01 2.648231e-05 2.648231e-05 5.428474e-01 1.277513e+00 -9.787095e-06 5.504202e-06 2.130052e-06 2.152841e-06 -7.391422e-02 6.928150e-02 -0.25983702 9.999999e-01 9.999934e-01
7.079560e-01 2.655871e-05 2.655871e-05 5.383274e-01 1.287653e+00 -1.091711e-05 6.416796e-06 2.238686e-06 2.261627e-06 -8.221112e-02 8.053597e-02 -0.29369862 9.999999e-01 9.999933e-01
7.079680e-01 2.664985e-05 2.664985e-05 5.367271e-01 1.289226e+00 -1.131723e-05 6.558334e-06 2.368038e-06 2.390859e-06 -8.493279e-02 8.203091e-02 -0.30184047 9.999999e-01 9.999934e-01
7.079800e-01 2.674506e-05 2.674506e-05 5.332946e-01 1.295757e+00 -1.217539e-05 7.146166e-06 2.503195e-06 2.526032e-06 -9.104779e-02 8.906524e-02 -0.32509557 9.999999e-01 9.999933e-01
7.079920e-01 2.685447e-05 2.685447e-05 5.314031e-01 1.297566e+00 -1.264829e-05 7.308873e-06 2.658364e-06 2.681056e-06 -9.419878e-02 9.072198e-02 -0.33442191 9.999999e-01 9.999934e-01
7.080040e-01 2.697452e-05 2.697452e-05 5.292164e-01 1.299860e+00 -1.319501e-05 7.515343e-06 2.828562e-06 2.851105e-06 -9.783313e-02 9.286964e-02 -0.34549857 9.999999e-01 9.999934e-01
7.080160e-01 2.709326e-05 2.709326e-05 5.231116e-01 1.313073e+00 -1.472125e-05 8.704498e-06 2.997025e-06 3.019731e-06 -1.086710e-01 1.070930e-01 -0.38908521 9.999999e-01 9.999932e-01
7.080280e-01 2.723330e-05 2.723330e-05 5.195428e-01 1.318578e+00 -1.561350e-05 9.199924e-06 3.195482e-06 3.218094e-06 -1.146648e-01 1.126063e-01 -0.41001426 9.999999e-01 9.999932e-01
7.080400e-01 2.738559e-05 2.738559e-05 5.152458e-01 1.325721e+00 -1.668782e-05 9.842725e-06 3.411276e-06 3.433820e-06 -1.218730e-01 1.198042e-01 -0.43594983 9.999999e-01 9.999932e-01
7.080520e-01 2.755245e-05 2.755245e-05 5.105646e-01 1.333474e+00 -1.785818e-05 1.054042e-05 3.647648e-06 3.670114e-06 -1.296305e-01 1.275195e-01 -0.46381977 9.999999e-01 9.999931e-01
7.080640e-01 2.773458e-05 2.773458e-05 5.054339e-01 1.341996e+00 -1.914092e-05 1.130736e-05 3.905592e-06 3.927974e-06 -1.380293e-01 1.358996e-01 -0.49403043 9.999999e-01 9.999931e-01
7.080760e-01 2.793141e-05 2.793141e-05 4.994815e-01 1.352338e+00 -2.062910e-05 1.223814e-05 4.184322e-06 4.206646e-06 -1.477126e-01 1.460499e-01 -0.52952058 9.999999e-01 9.999930e-01
7.080880e-01 2.816394e-05 2.816394e-05 4.967978e-01 1.352488e+00 -2.130010e-05 1.225147e-05 4.513360e-06 4.535272e-06 -1.512580e-01 1.450019e-01 -0.53608302 9.999999e-01 9.999932e-01
7.081000e-01 2.837666e-05 2.837666e-05 4.869725e-01 1.373084e+00 -2.375650e-05 1.410511e-05 4.814643e-06 4.836754e-06 -1.674369e-01 1.656890e-01 -0.60041322 9.999999e-01 9.999929e-01
7.081120e-01 2.863521e-05 2.863521e-05 4.824860e-01 1.377423e+00 -2.487824e-05 1.449553e-05 5.180471e-06 5.202237e-06 -1.737598e-01 1.687378e-01 -0.61875549 9.999999e-01 9.999931e-01
7.081240e-01 2.891528e-05 2.891528e-05 4.781090e-01 1.380784e+00 -2.597260e-05 1.479786e-05 5.576689e-06 5.598043e-06 -1.796461e-01 1.705887e-01 -0.63449865 9.999999e-01 9.999931e-01
7.081360e-01 2.914677e-05 2.914677e-05 4.656337e-01 1.408149e+00 -2.909150e-05 1.726075e-05 5.904524e-06 5.926225e-06 -1.996207e-01 1.974004e-01 -0.71563716 1.000000e+00 9.999928e-01
7.081480e-01 2.943564e-05 2.943564e-05 4.613510e-01 1.410973e+00 -3.016230e-05 1.751476e-05 6.313148e-06 6.334396e-06 -2.049373e-01 1.983396e-01 -0.72886734 9.999999e-01 9.999930e-01
7.081600e-01 2.967186e-05 2.967186e-05 4.501069e-01 1.434773e+00 -3.297343e-05 1.965674e-05 6.647606e-06 6.669080e-06 -2.222539e-01 2.208236e-01 -0.79818309 1.000000e+00 9.999927e-01
7.081720e-01 2.997464e-05 2.997464e-05 4.500472e-01 1.425438e+00 -3.298845e-05 1.881636e-05 7.075727e-06 7.096368e-06 -2.201090e-01 2.092475e-01 -0.77772942 9.999999e-01 9.999930e-01
7.081840e-01 3.013905e-05 3.013905e-05 4.373602e-01 1.455494e+00 -3.616030e-05 2.152155e-05 7.308797e-06 7.329952e-06 -2.399565e-01 2.380251e-01 -0.86123592 1.000000e+00 9.999926e-01
7.081960e-01 3.037016e-05 3.037016e-05 4.367574e-01 1.449915e+00 -3.631110e-05 2.101918e-05 7.635685e-06 7.656227e-06 -2.391235e-01 2.307000e-01 -0.84947292 1.000000e+00 9.999928e-01
7.082080e-01 3.046945e-05 3.046945e-05 4.278167e-01 1.471613e+00 -3.854632e-05 2.297207e-05 7.776666e-06 7.797585e-06 -2.530162e-01 2.513127e-01 -0.908559 1.000000e+00 9.999925e-01
7.082200e-01 3.057143e-05 3.057143e-05 4.250507e-01 1.476085e+00 -3.923787e-05 2.337457e-05 7.921251e-06 7.942053e-06 -2.566964e-01 2.548629e-01 -0.9216315 1.000000e+00 9.999925e-01
7.082320e-01 3.062933e-05 3.062933e-05 4.232107e-01 1.479369e+00 -3.969792e-05 2.367009e-05 8.003556e-06 8.024280e-06 -2.592151e-01 2.575972e-01 -0.9309897 1.000000e+00 9.999924e-01
7.082440e-01 3.065340e-05 3.065340e-05 4.231855e-01 1.478675e+00 -3.970423e-05 2.360758e-05 8.038028e-06 8.058615e-06 -2.590526e-01 2.567152e-01 -0.9294336 1.000000e+00 9.999925e-01
7.082560e-01 3.070687e-05 3.070687e-05 4.291602e-01 1.460404e+00 -3.821058e-05 2.196305e-05 8.113813e-06 8.133721e-06 -2.488732e-01 2.384162e-01 -0.88182657 1.000000e+00 9.999928e-01
7.082680e-01 3.060730e-05 3.060730e-05 4.241587e-01 1.477400e+00 -3.946096e-05 2.349279e-05 7.973846e-06 7.994319e-06 -2.578532e-01 2.558517e-01 -0.9255699 1.000000e+00 9.999925e-01
7.082800e-01 3.061476e-05 3.061476e-05 4.311175e-01 1.457839e+00 -3.772125e-05 2.173218e-05 7.984625e-06 8.004452e-06 -2.464253e-01 2.366199e-01 -0.8738937 1.000000e+00 9.999928e-01
7.082920e-01 3.049742e-05 3.049742e-05 4.269682e-01 1.473026e+00 -3.875856e-05 2.309912e-05 7.819537e-06 7.839900e-06 -2.541760e-01 2.524708e-01 -0.9127314 1.000000e+00 9.999924e-01
7.083040e-01 3.043598e-05 3.043598e-05 4.288431e-01 1.469737e+00 -3.828983e-05 2.280315e-05 7.733202e-06 7.753482e-06 -2.516090e-01 2.497389e-01 -0.9032679 1.000000e+00 9.999924e-01
7.083160e-01 3.037288e-05 3.037288e-05 4.302254e-01 1.467868e+00 -3.794424e-05 2.263492e-05 7.644541e-06 7.664774e-06 -2.498560e-01 2.484115e-01 -0.89753166 1.000000e+00 9.999924e-01
7.083280e-01 3.031678e-05 3.031678e-05 4.320630e-01 1.464516e+00 -3.748481e-05 2.233319e-05 7.565753e-06 7.585876e-06 -2.472876e-01 2.455536e-01 -0.88789455 1.000000e+00 9.999924e-01
7.083400e-01 3.026646e-05 3.026646e-05 4.335143e-01 1.462054e+00 -3.712197e-05 2.211165e-05 7.495153e-06 7.515174e-06 -2.453010e-01 2.435220e-01 -0.88068195 1.000000e+00 9.999923e-01
7.083520e-01 3.022311e-05 3.022311e-05 4.347822e-01 1.459884e+00 -3.680499e-05 2.191630e-05 7.434394e-06 7.454301e-06 -2.435553e-01 2.417167e-01 -0.87431688 1.000000e+00 9.999925e-01
7.083640e-01 3.020260e-05 3.020260e-05 4.373209e-01 1.453470e+00 -3.617031e-05 2.133899e-05 7.405847e-06 7.425471e-06 -2.395178e-01 2.355094e-01 -0.85685283 1.000000e+00 9.999927e-01
7.083760e-01 3.016816e-05 3.016816e-05 4.366678e-01 1.456353e+00 -3.633360e-05 2.159852e-05 7.357727e-06 7.377344e-06 -2.408738e-01 2.386459e-01 -0.86413806 1.000000e+00 9.999924e-01
7.083880e-01 3.015019e-05 3.015019e-05 4.364142e-01 1.457611e+00 -3.639699e-05 2.171173e-05 7.332867e-06 7.352395e-06 -2.414379e-01 2.400397e-01 -0.86728878 1.000000e+00 9.999923e-01
7.084000e-01 3.014758e-05 3.014758e-05 4.365126e-01 1.457411e+00 -3.637238e-05 2.169368e-05 7.329673e-06 7.349033e-06 -2.412955e-01 2.398609e-01 -0.86672718 1.000000e+00 9.999923e-01
7.084120e-01 3.015918e-05 3.015918e-05 4.367985e-01 1.456245e+00 -3.630090e-05 2.158868e-05 7.346548e-06 7.365676e-06 -2.407287e-01 2.386082e-01 -0.8637606 1.000000e+00 9.999924e-01
7.084240e-01 3.017462e-05 3.017462e-05 4.355911e-01 1.459104e+00 -3.660277e-05 2.184601e-05 7.368881e-06 7.387879e-06 -2.426063e-01 2.413288e-01 -0.8716581 1.000000e+00 9.999922e-01
7.084360e-01 3.020709e-05 3.020709e-05 4.353281e-01 1.458808e+00 -3.666855e-05 2.181932e-05 7.415244e-06 7.433981e-06 -2.427810e-01 2.407748e-01 -0.87130341 1.000000e+00 9.999923e-01
7.084480e-01 3.024322e-05 3.024322e-05 4.339424e-01 1.461514e+00 -3.701497e-05 2.206284e-05 7.466793e-06 7.485341e-06 -2.447820e-01 2.431712e-01 -0.87904062 1.000000e+00 9.999922e-01
7.084600e-01 3.032588e-05 3.032588e-05 4.367158e-01 1.451217e+00 -3.632166e-05 2.113593e-05 7.583913e-06 7.601821e-06 -2.395423e-01 2.323200e-01 -0.85260231 1.000000e+00 9.999926e-01
7.084720e-01 3.038371e-05 3.038371e-05 4.361397e-01 1.450996e+00 -3.646571e-05 2.111597e-05 7.666081e-06 7.683658e-06 -2.400346e-01 2.316589e-01 -0.85281741 1.000000e+00 9.999926e-01
7.084840e-01 3.040407e-05 3.040407e-05 4.307875e-01 1.465207e+00 -3.780377e-05 2.239506e-05 7.695488e-06 7.713218e-06 -2.486757e-01 2.455270e-01 -0.89098182 1.000000e+00 9.999923e-01
7.084960e-01 3.044873e-05 3.044873e-05 4.278681e-01 1.471904e+00 -3.853365e-05 2.299775e-05 7.759137e-06 7.776766e-06 -2.531051e-01 2.517647e-01 -0.909369 1.000000e+00 9.999921e-01
7.085080e-01 3.050467e-05 3.050467e-05 4.268358e-01 1.473009e+00 -3.879174e-05 2.309710e-05 7.838644e-06 7.855994e-06 -2.543331e-01 2.523887e-01 -0.9129744 1.000000e+00 9.999921e-01
7.085200e-01 3.060063e-05 3.060063e-05 4.309160e-01 1.458667e+00 -3.777172e-05 2.180619e-05 7.974482e-06 7.991055e-06 -2.468689e-01 2.375353e-01 -0.87612768 1.000000e+00 9.999925e-01
7.085320e-01 3.063694e-05 3.063694e-05 4.296101e-01 1.461147e+00 -3.809822e-05 2.202930e-05 8.026273e-06 8.042642e-06 -2.487077e-01 2.396813e-01 -0.88316217 1.000000e+00 9.999925e-01
7.085440e-01 3.061727e-05 3.061727e-05 4.231501e-01 1.479687e+00 -3.971323e-05 2.369804e-05 7.999212e-06 8.015978e-06 -2.594172e-01 2.580029e-01 -0.9319923 1.000000e+00 9.999920e-01
7.085560e-01 3.066415e-05 3.066415e-05 4.265111e-01 1.468880e+00 -3.887300e-05 2.272523e-05 8.065783e-06 8.081982e-06 -2.535403e-01 2.470336e-01 -0.9039609 1.000000e+00 9.999924e-01
7.085680e-01 3.064781e-05 3.064781e-05 4.244836e-01 1.475011e+00 -3.937988e-05 2.327706e-05 8.043279e-06 8.059541e-06 -2.569833e-01 2.531672e-01 -0.9199881 1.000000e+00 9.999922e-01
7.085800e-01 3.062657e-05 3.062657e-05 4.240123e-01 1.476975e+00 -3.949770e-05 2.345387e-05 8.013803e-06 8.030032e-06 -2.579310e-01 2.552671e-01 -0.9249552 1.000000e+00 9.999921e-01
7.085920e-01 3.059801e-05 3.059801e-05 4.246527e-01 1.476083e+00 -3.933760e-05 2.337354e-05 7.973956e-06 7.990100e-06 -2.571252e-01 2.546303e-01 -0.9222831 1.000000e+00 9.999921e-01
7.086040e-01 3.055258e-05 3.055258e-05 4.251245e-01 1.476186e+00 -3.921964e-05 2.338289e-05 7.910308e-06 7.926444e-06 -2.567354e-01 2.551109e-01 -0.9220545 1.000000e+00 9.999920e-01
7.086160e-01 3.050110e-05 3.050110e-05 4.264896e-01 1.473999e+00 -3.887835e-05 2.318606e-05 7.838102e-06 7.854187e-06 -2.549308e-01 2.533904e-01 -0.9156717 1.000000e+00 9.999919e-01
7.086280e-01 3.044218e-05 3.044218e-05 4.284227e-01 1.470469e+00 -3.839506e-05 2.286831e-05 7.755369e-06 7.771384e-06 -2.522490e-01 2.504015e-01 -0.9056025 1.000000e+00 9.999919e-01
7.086400e-01 3.037471e-05 3.037471e-05 4.300886e-01 1.467948e+00 -3.797856e-05 2.264141e-05 7.660573e-06 7.676574e-06 -2.500669e-01 2.484678e-01 -0.8980821 1.000000e+00 9.999920e-01
7.086520e-01 3.030666e-05 3.030666e-05 4.324053e-01 1.463638e+00 -3.739937e-05 2.225356e-05 7.564936e-06 7.580876e-06 -2.468063e-01 2.447599e-01 -0.88574004 1.000000e+00 9.999920e-01
7.086640e-01 3.023656e-05 3.023656e-05 4.347710e-01 1.459256e+00 -3.680792e-05 2.185920e-05 7.466419e-06 7.482299e-06 -2.434663e-01 2.409798e-01 -0.87312195 1.000000e+00 9.999921e-01
7.086760e-01 3.016451e-05 3.016451e-05 4.366727e-01 1.456224e+00 -3.633249e-05 2.158629e-05 7.365167e-06 7.381035e-06 -2.408956e-01 2.385396e-01 -0.86404356 1.000000e+00 9.999921e-01
7.086880e-01 3.009406e-05 3.009406e-05 4.386430e-01 1.452951e+00 -3.583988e-05 2.129169e-05 7.266177e-06 7.282018e-06 -2.381857e-01 2.358348e-01 -0.85429485 1.000000e+00 9.999921e-01
7.087000e-01 3.002693e-05 3.002693e-05 4.404872e-01 1.449923e+00 -3.537881e-05 2.101926e-05 7.171871e-06 7.187682e-06 -2.356472e-01 2.333378e-01 -0.84521223 1.000000e+00 9.999921e-01
7.087120e-01 2.996484e-05 2.996484e-05 4.423313e-01 1.446739e+00 -3.491778e-05 2.073265e-05 7.084686e-06 7.100445e-06 -2.330583e-01 2.306330e-01 -0.83573577 1.000000e+00 9.999920e-01
7.087240e-01 2.990376e-05 2.990376e-05 4.434966e-01 1.445407e+00 -3.462643e-05 2.061279e-05 6.998941e-06 7.014698e-06 -2.315858e-01 2.297681e-01 -0.83125503 1.000000e+00 9.999920e-01
7.087360e-01 2.985221e-05 2.985221e-05 4.452036e-01 1.442273e+00 -3.419966e-05 2.033070e-05 6.926641e-06 6.942315e-06 -2.291265e-01 2.270151e-01 -0.82200501 1.000000e+00 9.999920e-01
7.087480e-01 2.980275e-05 2.980275e-05 4.461743e-01 1.441117e+00 -3.395696e-05 2.022667e-05 6.857324e-06 6.872963e-06 -2.278780e-01 2.262282e-01 -0.81813357 1.000000e+00 9.999920e-01
7.087600e-01 2.976471e-05 2.976471e-05 4.479004e-01 1.437506e+00 -3.352542e-05 1.990174e-05 6.804093e-06 6.819593e-06 -2.252696e-01 2.228784e-01 -0.80774253 1.000000e+00 9.999920e-01
7.087720e-01 2.972764e-05 2.972764e-05 4.487212e-01 1.436379e+00 -3.332022e-05 1.980028e-05 6.752259e-06 6.767685e-06 -2.241700e-01 2.220187e-01 -0.80410779 1.000000e+00 9.999920e-01
7.087840e-01 2.970109e-05 2.970109e-05 4.503549e-01 1.432665e+00 -3.291176e-05 1.946601e-05 6.715253e-06 6.730505e-06 -2.216199e-01 2.184657e-01 -0.79357356 1.000000e+00 9.999921e-01
7.087960e-01 2.967281e-05 2.967281e-05 4.508658e-01 1.432123e+00 -3.278404e-05 1.941718e-05 6.675849e-06 6.691013e-06 -2.209702e-01 2.181253e-01 -0.79165224 1.000000e+00 9.999921e-01
7.088080e-01 2.964850e-05 2.964850e-05 4.512476e-01 1.431814e+00 -3.268858e-05 1.938941e-05 6.642048e-06 6.657122e-06 -2.205075e-01 2.179921e-01 -0.79043112 1.000000e+00 9.999920e-01
7.088200e-01 2.962907e-05 2.962907e-05 4.519195e-01 1.430548e+00 -3.252060e-05 1.927542e-05 6.615118e-06 6.630062e-06 -2.195182e-01 2.168526e-01 -0.78666714 1.000000e+00 9.999920e-01
7.088320e-01 2.960768e-05 2.960768e-05 4.517461e-01 1.431689e+00 -3.256396e-05 1.937816e-05 6.585455e-06 6.600343e-06 -2.199697e-01 2.181659e-01 -0.78945579 1.000000e+00 9.999919e-01
7.088440e-01 2.959156e-05 2.959156e-05 4.522915e-01 1.430670e+00 -3.242760e-05 1.928640e-05 6.563217e-06 6.577975e-06 -2.191679e-01 2.172512e-01 -0.78641676 1.000000e+00 9.999919e-01
7.088560e-01 2.957254e-05 2.957254e-05 4.524177e-01 1.430905e+00 -3.239605e-05 1.930759e-05 6.536890e-06 6.551568e-06 -2.190955e-01 2.176297e-01 -0.78676479 1.000000e+00 9.999918e-01
7.088680e-01 2.955673e-05 2.955673e-05 4.533471e-01 1.428810e+00 -3.216368e-05 1.911901e-05 6.515075e-06 6.529599e-06 -2.176403e-01 2.156193e-01 -0.78077673 1.000000e+00 9.999919e-01
7.088800e-01 2.956856e-05 2.956856e-05 4.626932e-01 1.402485e+00 -2.982717e-05 1.674954e-05 6.531995e-06 6.545628e-06 -2.017492e-01 1.888215e-01 -0.70884468 1.000000e+00 9.999925e-01
7.088920e-01 2.953235e-05 2.953235e-05 4.603076e-01 1.410231e+00 -3.042354e-05 1.744674e-05 6.481485e-06 6.495316e-06 -2.060354e-01 1.969224e-01 -0.7294248 1.000000e+00 9.999924e-01
7.089040e-01 2.948720e-05 2.948720e-05 4.558716e-01 1.423949e+00 -3.153253e-05 1.868144e-05 6.418439e-06 6.432650e-06 -2.138726e-01 2.111813e-01 -0.76630824 1.000000e+00 9.999919e-01
7.089160e-01 2.946451e-05 2.946451e-05 4.580963e-01 1.418474e+00 -3.097636e-05 1.818861e-05 6.386872e-06 6.400875e-06 -2.102621e-01 2.057686e-01 -0.75087738 1.000000e+00 9.999920e-01
7.089280e-01 2.941658e-05 2.941658e-05 4.574130e-01 1.421860e+00 -3.114716e-05 1.849347e-05 6.319778e-06 6.333917e-06 -2.117660e-01 2.095583e-01 -0.75937725 1.000000e+00 9.999919e-01
7.089400e-01 2.938087e-05 2.938087e-05 4.595920e-01 1.416919e+00 -3.060240e-05 1.804871e-05 6.269839e-06 6.283844e-06 -2.083151e-01 2.047672e-01 -0.74514465 1.000000e+00 9.999920e-01
7.089520e-01 2.933573e-05 2.933573e-05 4.609555e-01 1.414537e+00 -3.026153e-05 1.783431e-05 6.206618e-06 6.220597e-06 -2.063118e-01 2.026461e-01 -0.73777374 1.000000e+00 9.999919e-01
7.089640e-01 2.929772e-05 2.929772e-05 4.655749e-01 1.402892e+00 -2.910665e-05 1.678623e-05 6.153368e-06 6.167053e-06 -1.986957e-01 1.909845e-01 -0.70489422 1.000000e+00 9.999923e-01
7.089760e-01 2.923061e-05 2.923061e-05 4.648739e-01 1.406928e+00 -2.928189e-05 1.714951e-05 6.059225e-06 6.073148e-06 -2.003508e-01 1.955657e-01 -0.71480304 1.000000e+00 9.999922e-01
7.089880e-01 2.918075e-05 2.918075e-05 4.667421e-01 1.403292e+00 -2.881482e-05 1.682226e-05 5.989333e-06 6.003222e-06 -1.974919e-01 1.921616e-01 -0.70377507 1.000000e+00 9.999923e-01
7.090000e-01 2.911821e-05 2.911821e-05 4.675436e-01 1.403013e+00 -2.861443e-05 1.679725e-05 5.901594e-06 5.915594e-06 -1.965398e-01 1.922880e-01 -0.70180326 1.000000e+00 9.999920e-01
7.090120e-01 2.905702e-05 2.905702e-05 4.684688e-01 1.402349e+00 -2.838309e-05 1.673750e-05 5.815749e-06 5.829843e-06 -1.953613e-01 1.920075e-01 -0.69877314 1.000000e+00 9.999920e-01
7.090240e-01 2.899843e-05 2.899843e-05 4.701248e-01 1.399575e+00 -2.796907e-05 1.648784e-05 5.733555e-06 5.747681e-06 -1.929006e-01 1.895256e-01 -0.689886 1.000000e+00 9.999920e-01
7.090360e-01 2.894343e-05 2.894343e-05 4.791547e-01 1.376217e+00 -2.571158e-05 1.438556e-05 5.656213e-06 5.669809e-06 -1.776678e-01 1.656745e-01 -0.62341317 1.000000e+00 9.999924e-01
7.090480e-01 2.888077e-05 2.888077e-05 4.723724e-01 1.396996e+00 -2.740714e-05 1.625579e-05 5.568534e-06 5.582807e-06 -1.897951e-01 1.876196e-01 -0.6803253 1.000000e+00 9.999919e-01
7.090600e-01 2.882319e-05 2.882319e-05 4.734082e-01 1.395912e+00 -2.714818e-05 1.615823e-05 5.487800e-06 5.502153e-06 -1.883773e-01 1.868660e-01 -0.67611816 1.000000e+00 9.999918e-01
7.090720e-01 2.878352e-05 2.878352e-05 4.795256e-01 1.380160e+00 -2.561880e-05 1.474049e-05 5.432170e-06 5.446139e-06 -1.780102e-01 1.707052e-01 -0.63097497 1.000000e+00 9.999923e-01
7.090840e-01 2.872200e-05 2.872200e-05 4.767251e-01 1.389849e+00 -2.631891e-05 1.561257e-05 5.345993e-06 5.360347e-06 -1.832666e-01 1.811918e-01 -0.65695869 1.000000e+00 9.999919e-01
7.090960e-01 2.868295e-05 2.868295e-05 4.863745e-01 1.364272e+00 -2.390655e-05 1.331056e-05 5.291143e-06 5.304844e-06 -1.666952e-01 1.546861e-01 -0.5838903 1.000000e+00 9.999924e-01
7.091080e-01 2.863763e-05 2.863763e-05 4.823754e-01 1.376781e+00 -2.490630e-05 1.443649e-05 5.227855e-06 5.241955e-06 -1.739411e-01 1.680364e-01 -0.61821657 1.000000e+00 9.999921e-01
7.091200e-01 2.859020e-05 2.859020e-05 4.858524e-01 1.368602e+00 -2.403702e-05 1.370033e-05 5.161364e-06 5.175325e-06 -1.681487e-01 1.597323e-01 -0.59397318 1.000000e+00 9.999924e-01
7.091320e-01 2.855349e-05 2.855349e-05 4.843443e-01 1.373927e+00 -2.441406e-05 1.417960e-05 5.110164e-06 5.124296e-06 -1.710057e-01 1.655325e-01 -0.60823188 1.000000e+00 9.999921e-01
7.091440e-01 2.852195e-05 2.852195e-05 4.855231e-01 1.371630e+00 -2.411933e-05 1.397292e-05 5.066167e-06 5.080243e-06 -1.691282e-01 1.633002e-01 -0.60099363 1.000000e+00 9.999921e-01
7.091560e-01 2.848098e-05 2.848098e-05 4.855152e-01 1.372924e+00 -2.412131e-05 1.408933e-05 5.008903e-06 5.023069e-06 -1.693854e-01 1.648976e-01 -0.60372882 1.000000e+00 9.999920e-01
7.091680e-01 2.844579e-05 2.844579e-05 4.862312e-01 1.372026e+00 -2.394229e-05 1.400856e-05 4.959778e-06 4.973949e-06 -1.683362e-01 1.641550e-01 -0.60036579 1.000000e+00 9.999920e-01
7.091800e-01 2.840833e-05 2.840833e-05 4.860561e-01 1.373673e+00 -2.398605e-05 1.415685e-05 4.907475e-06 4.921732e-06 -1.688664e-01 1.661115e-01 -0.60419979 1.000000e+00 9.999919e-01
7.091920e-01 2.838128e-05 2.838128e-05 4.880379e-01 1.369007e+00 -2.349058e-05 1.373685e-05 4.869799e-06 4.883930e-06 -1.655357e-01 1.613370e-01 -0.59026032 1.000000e+00 9.999920e-01
7.092040e-01 2.834399e-05 2.834399e-05 4.873947e-01 1.371948e+00 -2.365137e-05 1.400161e-05 4.817749e-06 4.832007e-06 -1.668881e-01 1.646629e-01 -0.59779314 1.000000e+00 9.999918e-01
7.092160e-01 2.831684e-05 2.831684e-05 4.904342e-01 1.364349e+00 -2.289148e-05 1.331761e-05 4.779902e-06 4.793965e-06 -1.616810e-01 1.567690e-01 -0.57542049 1.000000e+00 9.999921e-01
7.092280e-01 2.828056e-05 2.828056e-05 5.004999e-01 1.337529e+00 -2.037504e-05 1.090372e-05 4.728968e-06 4.742356e-06 -1.440922e-01 1.285184e-01 -0.4977072 1.000000e+00 9.999925e-01
7.092400e-01 2.824065e-05 2.824065e-05 5.028524e-01 1.332236e+00 -1.978690e-05 1.042731e-05 4.673143e-06 4.686449e-06 -1.401306e-01 1.230768e-01 -0.48144762 1.000000e+00 9.999925e-01
7.092520e-01 2.821329e-05 2.821329e-05 4.904167e-01 1.367603e+00 -2.289583e-05 1.361061e-05 4.635466e-06 4.649749e-06 -1.623053e-01 1.608062e-01 -0.58227516 1.000000e+00 9.999918e-01
7.092640e-01 2.818071e-05 2.818071e-05 4.936200e-01 1.359719e+00 -2.209498e-05 1.290097e-05 4.589949e-06 4.604066e-06 -1.568093e-01 1.525981e-01 -0.55882818 1.000000e+00 9.999922e-01
7.092760e-01 2.814350e-05 2.814350e-05 4.926468e-01 1.363573e+00 -2.233827e-05 1.324791e-05 4.538039e-06 4.552326e-06 -1.587455e-01 1.569090e-01 -0.56900457 1.000000e+00 9.999918e-01
7.092880e-01 2.810183e-05 2.810183e-05 5.002567e-01 1.343740e+00 -2.043577e-05 1.146279e-05 4.479568e-06 4.493410e-06 -1.454408e-01 1.359673e-01 -0.51079779 1.000000e+00 9.999923e-01
7.093000e-01 2.806403e-05 2.806403e-05 5.046184e-01 1.332802e+00 -1.934533e-05 1.047836e-05 4.426673e-06 4.440293e-06 -1.378656e-01 1.244578e-01 -0.47821563 1.000000e+00 9.999924e-01
7.093120e-01 2.803108e-05 2.803108e-05 4.968960e-01 1.355260e+00 -2.127594e-05 1.249972e-05 4.380961e-06 4.395253e-06 -1.518025e-01 1.486413e-01 -0.54222138 1.000000e+00 9.999919e-01
7.093240e-01 2.798967e-05 2.798967e-05 4.978869e-01 1.353793e+00 -2.102819e-05 1.236770e-05 4.323070e-06 4.337422e-06 -1.502568e-01 1.472888e-01 -0.53691768 1.000000e+00 9.999920e-01
7.093360e-01 2.794802e-05 2.794802e-05 4.999432e-01 1.349376e+00 -2.051411e-05 1.197017e-05 4.264804e-06 4.279143e-06 -1.468019e-01 1.427670e-01 -0.52303986 1.000000e+00 9.999920e-01
7.093480e-01 2.790869e-05 2.790869e-05 5.016791e-01 1.345775e+00 -2.008012e-05 1.164611e-05 4.209837e-06 4.224172e-06 -1.438987e-01 1.390978e-01 -0.51155397 1.000000e+00 9.999921e-01
7.093600e-01 2.786030e-05 2.786030e-05 5.007374e-01 1.349891e+00 -2.031552e-05 1.201662e-05 4.142154e-06 4.156743e-06 -1.458385e-01 1.437723e-01 -0.52222923 1.000000e+00 9.999919e-01
7.093720e-01 2.781542e-05 2.781542e-05 5.089158e-01 1.328579e+00 -1.827091e-05 1.009844e-05 4.079163e-06 4.093304e-06 -1.313725e-01 1.210173e-01 -0.45896139 1.000000e+00 9.999924e-01
7.093840e-01 2.777364e-05 2.777364e-05 5.085431e-01 1.330909e+00 -1.836405e-05 1.030814e-05 4.020794e-06 4.035113e-06 -1.322408e-01 1.237161e-01 -0.46455867 1.000000e+00 9.999924e-01
7.093960e-01 2.773499e-05 2.773499e-05 5.043227e-01 1.343822e+00 -1.941916e-05 1.147048e-05 3.966960e-06 3.981725e-06 -1.400337e-01 1.378581e-01 -0.50118408 1.000000e+00 9.999919e-01
7.094080e-01 2.769828e-05 2.769828e-05 5.067996e-01 1.338083e+00 -1.879992e-05 1.095390e-05 3.915661e-06 3.930363e-06 -1.357479e-01 1.318241e-01 -0.48339531 1.000000e+00 9.999920e-01
7.094200e-01 2.765676e-05 2.765676e-05 5.074010e-01 1.337700e+00 -1.864955e-05 1.091948e-05 3.857631e-06 3.872442e-06 -1.348643e-01 1.316071e-01 -0.48111444 1.000000e+00 9.999920e-01
7.094320e-01 2.761505e-05 2.761505e-05 5.154786e-01 1.316568e+00 -1.663013e-05 9.017527e-06 3.799120e-06 3.813478e-06 -1.204425e-01 1.088480e-01 -0.41794029 1.000000e+00 9.999924e-01
7.094440e-01 2.757377e-05 2.757377e-05 5.162359e-01 1.315745e+00 -1.644078e-05 8.943470e-06 3.741429e-06 3.755885e-06 -1.192494e-01 1.081157e-01 -0.41426739 1.000000e+00 9.999924e-01
7.094560e-01 2.754081e-05 2.754081e-05 5.117649e-01 1.329176e+00 -1.755854e-05 1.015235e-05 3.695639e-06 3.710542e-06 -1.275092e-01 1.228765e-01 -0.45277893 1.000000e+00 9.999921e-01
7.094680e-01 2.750956e-05 2.750956e-05 5.106679e-01 1.333187e+00 -1.783278e-05 1.051341e-05 3.652144e-06 3.667225e-06 -1.296479e-01 1.273910e-01 -0.46368549 1.000000e+00 9.999919e-01
7.094800e-01 2.747741e-05 2.747741e-05 5.119225e-01 1.330697e+00 -1.751910e-05 1.028934e-05 3.607331e-06 3.622423e-06 -1.275163e-01 1.248218e-01 -0.45542115 1.000000e+00 9.999919e-01
7.094920e-01 2.744305e-05 2.744305e-05 5.119664e-01 1.331638e+00 -1.750811e-05 1.037404e-05 3.559429e-06 3.574637e-06 -1.275959e-01 1.260069e-01 -0.45720018 1.000000e+00 9.999918e-01
7.095040e-01 2.741192e-05 2.741192e-05 5.132383e-01 1.329069e+00 -1.719013e-05 1.014284e-05 3.516035e-06 3.531252e-06 -1.254209e-01 1.233386e-01 -0.44870409 1.000000e+00 9.999919e-01
7.095160e-01 2.738248e-05 2.738248e-05 5.141512e-01 1.327444e+00 -1.696189e-05 9.996557e-06 3.475046e-06 3.490290e-06 -1.238887e-01 1.216904e-01 -0.44303166 1.000000e+00 9.999919e-01
7.095280e-01 2.735381e-05 2.735381e-05 5.160855e-01 1.322959e+00 -1.647831e-05 9.592891e-06 3.435115e-06 3.450307e-06 -1.204828e-01 1.168989e-01 -0.42889977 1.000000e+00 9.999921e-01
7.095400e-01 2.732358e-05 2.732358e-05 5.171132e-01 1.321039e+00 -1.622137e-05 9.420119e-06 3.393017e-06 3.408233e-06 -1.187353e-01 1.149205e-01 -0.4222971 1.000000e+00 9.999921e-01
7.095520e-01 2.729562e-05 2.729562e-05 5.195205e-01 1.315218e+00 -1.561953e-05 8.896254e-06 3.354073e-06 3.369201e-06 -1.144471e-01 1.086408e-01 -0.40417119 1.000000e+00 9.999921e-01
7.095640e-01 2.726602e-05 2.726602e-05 5.218386e-01 1.309696e+00 -1.504000e-05 8.399284e-06 3.312828e-06 3.327885e-06 -1.103204e-01 1.026832e-01 -0.38684322 1.000000e+00 9.999921e-01
7.095760e-01 2.724219e-05 2.724219e-05 5.191922e-01 1.317777e+00 -1.570159e-05 9.126556e-06 3.279854e-06 3.295180e-06 -1.152741e-01 1.116718e-01 -0.4101237 1.000000e+00 9.999920e-01
7.095880e-01 2.721278e-05 2.721278e-05 5.184363e-01 1.320782e+00 -1.589056e-05 9.397135e-06 3.238967e-06 3.254455e-06 -1.167875e-01 1.151069e-01 -0.4181661 1.000000e+00 9.999919e-01
7.096000e-01 2.718816e-05 2.718816e-05 5.204041e-01 1.316078e+00 -1.539858e-05 8.973668e-06 3.204748e-06 3.220168e-06 -1.132742e-01 1.100193e-01 -0.40339305 1.000000e+00 9.999920e-01
7.096120e-01 2.715825e-05 2.715825e-05 5.207702e-01 1.315984e+00 -1.530704e-05 8.965285e-06 3.163126e-06 3.178633e-06 -1.127248e-01 1.100376e-01 -0.40218165 1.000000e+00 9.999920e-01
7.096240e-01 2.713058e-05 2.713058e-05 5.235959e-01 1.308993e+00 -1.460062e-05 8.336032e-06 3.124591e-06 3.139992e-06 -1.076322e-01 1.024186e-01 -0.38043747 1.000000e+00 9.999921e-01
7.096360e-01 2.710115e-05 2.710115e-05 5.226906e-01 1.312414e+00 -1.482693e-05 8.643987e-06 3.083680e-06 3.099264e-06 -1.094192e-01 1.063176e-01 -0.38972196 1.000000e+00 9.999920e-01
7.096480e-01 2.706737e-05 2.706737e-05 5.285689e-01 1.297139e+00 -1.335734e-05 7.269179e-06 3.036437e-06 3.051727e-06 -9.869700e-02 8.951957e-02 -0.34291971 1.000000e+00 9.999923e-01
7.096600e-01 2.703947e-05 2.703947e-05 5.287971e-01 1.297366e+00 -1.330028e-05 7.289605e-06 2.997647e-06 3.013032e-06 -9.837682e-02 8.986376e-02 -0.34266393 1.000000e+00 9.999925e-01
7.096720e-01 2.699669e-05 2.699669e-05 5.345264e-01 1.282785e+00 -1.186795e-05 5.977335e-06 2.937728e-06 2.952885e-06 -8.792149e-02 7.380330e-02 -0.29745783 1.000000e+00 9.999925e-01
7.096840e-01 2.697707e-05 2.697707e-05 5.288678e-01 1.299096e+00 -1.328258e-05 7.445344e-06 2.910791e-06 2.926443e-06 -9.847310e-02 9.199596e-02 -0.34575903 1.000000e+00 9.999923e-01
7.096960e-01 2.695562e-05 2.695562e-05 5.259753e-01 1.307784e+00 -1.400569e-05 8.227367e-06 2.881191e-06 2.897135e-06 -1.039167e-01 1.017397e-01 -0.37116117 1.000000e+00 9.999919e-01
7.097080e-01 2.692498e-05 2.692498e-05 5.265160e-01 1.307228e+00 -1.387053e-05 8.177394e-06 2.838548e-06 2.854587e-06 -1.030309e-01 1.012368e-01 -0.36848916 1.000000e+00 9.999919e-01
7.097200e-01 2.687867e-05 2.687867e-05 5.376809e-01 1.277668e+00 -1.107926e-05 5.516876e-06 2.773480e-06 2.788903e-06 -8.243905e-02 6.841703e-02 -0.27785088 1.000000e+00 9.999925e-01
7.097320e-01 2.685585e-05 2.685585e-05 5.399955e-01 1.271944e+00 -1.050062e-05 5.001668e-06 2.741803e-06 2.757146e-06 -7.819985e-02 6.208043e-02 -0.25975827 1.000000e+00 9.999926e-01
7.097440e-01 2.682614e-05 2.682614e-05 5.383699e-01 1.277373e+00 -1.090700e-05 5.490321e-06 2.700537e-06 2.716139e-06 -8.131617e-02 6.822102e-02 -0.2750598 1.000000e+00 9.999925e-01
7.097560e-01 2.681083e-05 2.681083e-05 5.326026e-01 1.293850e+00 -1.234883e-05 6.973362e-06 2.679687e-06 2.695777e-06 -9.211818e-02 8.669831e-02 -0.32430861 1.000000e+00 9.999922e-01
7.097680e-01 2.678046e-05 2.678046e-05 5.330678e-01 1.293495e+00 -1.223250e-05 6.941457e-06 2.637424e-06 2.653624e-06 -9.135394e-02 8.639952e-02 -0.32218569 1.000000e+00 9.999922e-01
7.097800e-01 2.675526e-05 2.675526e-05 5.318450e-01 1.297665e+00 -1.253820e-05 7.316810e-06 2.602494e-06 2.618895e-06 -9.372512e-02 9.115729e-02 -0.33394383 1.000000e+00 9.999920e-01
7.097920e-01 2.671931e-05 2.671931e-05 5.410058e-01 1.273345e+00 -1.024798e-05 5.127878e-06 2.552108e-06 2.567997e-06 -7.670844e-02 6.397219e-02 -0.25895646 1.000000e+00 9.999926e-01
7.098040e-01 2.669984e-05 2.669984e-05 5.374820e-01 1.283724e+00 -1.112891e-05 6.062023e-06 2.525328e-06 2.541561e-06 -8.336314e-02 7.568114e-02 -0.28973664 1.000000e+00 9.999925e-01
7.098160e-01 2.667865e-05 2.667865e-05 5.341572e-01 1.293604e+00 -1.196012e-05 6.951302e-06 2.496123e-06 2.512694e-06 -8.966060e-02 8.685225e-02 -0.31898691 1.000000e+00 9.999920e-01
7.098280e-01 2.665496e-05 2.665496e-05 5.368025e-01 1.286988e+00 -1.129878e-05 6.355870e-06 2.463218e-06 2.479695e-06 -8.477809e-02 7.948326e-02 -0.29805309 1.000000e+00 9.999922e-01
7.098400e-01 2.663133e-05 2.663133e-05 5.347989e-01 1.293276e+00 -1.179969e-05 6.921879e-06 2.430539e-06 2.447270e-06 -8.861507e-02 8.663827e-02 -0.31634559 1.000000e+00 9.999920e-01
7.098520e-01 2.660924e-05 2.660924e-05 5.365201e-01 1.289176e+00 -1.136936e-05 6.552841e-06 2.399911e-06 2.416609e-06 -8.545423e-02 8.208729e-02 -0.30308985 1.000000e+00 9.999921e-01
7.098640e-01 2.658557e-05 2.658557e-05 5.374674e-01 1.287274e+00 -1.113253e-05 6.381625e-06 2.367084e-06 2.383819e-06 -8.374865e-02 8.001364e-02 -0.29645289 1.000000e+00 9.999922e-01
7.098760e-01 2.656562e-05 2.656562e-05 5.376232e-01 1.287452e+00 -1.109357e-05 6.397706e-06 2.339528e-06 2.356333e-06 -8.351822e-02 8.027551e-02 -0.29628792 1.000000e+00 9.999921e-01
7.098880e-01 2.654296e-05 2.654296e-05 5.378466e-01 1.287528e+00 -1.103771e-05 6.404533e-06 2.308142e-06 2.325036e-06 -8.316866e-02 8.042978e-02 -0.29570967 1.000000e+00 9.999921e-01
7.099000e-01 2.652214e-05 2.652214e-05 5.380711e-01 1.287542e+00 -1.098158e-05 6.405878e-06 2.279365e-06 2.296333e-06 -8.281062e-02 8.050981e-02 -0.29501217 1.000000e+00 9.999920e-01
7.099120e-01 2.650065e-05 2.650065e-05 5.394686e-01 1.284322e+00 -1.063219e-05 6.116028e-06 2.249602e-06 2.266564e-06 -8.024100e-02 7.692928e-02 -0.28439676 1.000000e+00 9.999921e-01
7.099240e-01 2.647989e-05 2.647989e-05 5.389192e-01 1.286483e+00 -1.076953e-05 6.310603e-06 2.220917e-06 2.238014e-06 -8.134124e-02 7.943895e-02 -0.29026035 1.000000e+00 9.999920e-01
7.099360e-01 2.646073e-05 2.646073e-05 5.421284e-01 1.278161e+00 -9.967232e-06 5.561521e-06 2.194385e-06 2.211326e-06 -7.533604e-02 7.006007e-02 -0.26408718 1.000000e+00 9.999923e-01
7.099480e-01 2.643796e-05 2.643796e-05 5.406850e-01 1.282866e+00 -1.032807e-05 5.985074e-06 2.162915e-06 2.180078e-06 -7.813057e-02 7.546060e-02 -0.27766557 1.000000e+00 9.999920e-01
7.099600e-01 2.641920e-05 2.641920e-05 5.422118e-01 1.279201e+00 -9.946356e-06 5.655236e-06 2.136994e-06 2.154126e-06 -7.529642e-02 7.135259e-02 -0.26574291 1.000000e+00 9.999922e-01
7.099720e-01 2.639684e-05 2.639684e-05 5.426878e-01 1.278566e+00 -9.827363e-06 5.598095e-06 2.106029e-06 2.123240e-06 -7.445864e-02 7.069148e-02 -0.26296542 1.000000e+00 9.999922e-01
7.099840e-01 2.637979e-05 2.637979e-05 5.444423e-01 1.274216e+00 -9.388724e-06 5.206543e-06 2.082514e-06 2.099666e-06 -7.118120e-02 6.578956e-02 -0.24897357 1.000000e+00 9.999923e-01
7.099960e-01 2.634029e-05 2.634029e-05 5.533238e-01 1.250781e+00 -7.168319e-06 3.097311e-06 2.027152e-06 2.043857e-06 -5.442856e-02 3.919612e-02 -0.17537904 1.000000e+00 9.999926e-01
7.100080e-01 2.633842e-05 2.633842e-05 5.436871e-01 1.277579e+00 -9.577498e-06 5.509323e-06 2.025378e-06 2.042796e-06 -7.272644e-02 6.972480e-02 -0.25776297 1.000000e+00 9.999922e-01
7.100200e-01 2.631770e-05 2.631770e-05 5.435038e-01 1.278723e+00 -9.623326e-06 5.612286e-06 1.996751e-06 2.014288e-06 -7.313197e-02 7.108381e-02 -0.26051004 1.000000e+00 9.999920e-01
7.100320e-01 2.629845e-05 2.629845e-05 5.448024e-01 1.275707e+00 -9.298671e-06 5.340808e-06 1.970163e-06 1.987700e-06 -7.071648e-02 6.769483e-02 -0.25050006 1.000000e+00 9.999922e-01
7.100440e-01 2.627585e-05 2.627585e-05 5.464038e-01 1.271955e+00 -8.898296e-06 5.003098e-06 1.938830e-06 1.956367e-06 -6.772984e-02 6.346891e-02 -0.2380752 1.000000e+00 9.999923e-01
7.100560e-01 2.624697e-05 2.624697e-05 5.507513e-01 1.260775e+00 -7.811425e-06 3.996893e-06 1.898577e-06 1.915955e-06 -5.952248e-02 5.076005e-02 -0.20245167 1.000000e+00 9.999925e-01
7.100680e-01 2.623931e-05 2.623931e-05 5.455455e-01 1.275453e+00 -9.112878e-06 5.318060e-06 1.888515e-06 1.906304e-06 -6.945973e-02 6.755842e-02 -0.24748821 1.000000e+00 9.999920e-01
7.100800e-01 2.621501e-05 2.621501e-05 5.497439e-01 1.264545e+00 -8.063255e-06 4.336227e-06 1.854708e-06 1.872321e-06 -6.151633e-02 5.513670e-02 -0.21284631 1.000000e+00 9.999924e-01
7.100920e-01 2.619835e-05 2.619835e-05 5.476997e-01 1.270727e+00 -8.574300e-06 4.892713e-06 1.831868e-06 1.849719e-06 -6.545679e-02 6.225217e-02 -0.23131818 1.000000e+00 9.999921e-01
7.101040e-01 2.617341e-05 2.617341e-05 5.526992e-01 1.257615e+00 -7.324411e-06 3.712508e-06 1.797143e-06 1.814760e-06 -5.596834e-02 4.728091e-02 -0.18975798 1.000000e+00 9.999926e-01
7.101160e-01 2.616178e-05 2.616178e-05 5.485484e-01 1.269488e+00 -8.362114e-06 4.781223e-06 1.781454e-06 1.799437e-06 -6.392618e-02 6.091868e-02 -0.22607415 1.000000e+00 9.999922e-01
7.101280e-01 2.613076e-05 2.613076e-05 5.566653e-01 1.247911e+00 -6.332857e-06 2.839168e-06 1.738072e-06 1.755617e-06 -4.847052e-02 3.621744e-02 -0.15795225 1.000000e+00 9.999926e-01
7.101400e-01 2.612538e-05 2.612538e-05 5.495068e-01 1.267939e+00 -8.122500e-06 4.641833e-06 1.731280e-06 1.749386e-06 -6.218091e-02 5.922508e-02 -0.21986091 1.000000e+00 9.999921e-01
7.101520e-01 2.610019e-05 2.610019e-05 5.537204e-01 1.257016e+00 -7.069087e-06 3.658679e-06 1.696237e-06 1.714171e-06 -5.416885e-02 4.672608e-02 -0.18496008 1.000000e+00 9.999924e-01
7.101640e-01 2.609232e-05 2.609232e-05 5.504806e-01 1.266243e+00 -7.879021e-06 4.489182e-06 1.685815e-06 1.704024e-06 -6.039341e-02 5.734998e-02 -0.21330765 1.000000e+00 9.999922e-01
7.101760e-01 2.607249e-05 2.607249e-05 5.514520e-01 1.264152e+00 -7.636167e-06 4.301077e-06 1.658420e-06 1.676670e-06 -5.857643e-02 5.498870e-02 -0.20603169 1.000000e+00 9.999922e-01
7.101880e-01 2.605637e-05 2.605637e-05 5.528633e-01 1.260725e+00 -7.283331e-06 3.992618e-06 1.636242e-06 1.654471e-06 -5.590441e-02 5.107666e-02 -0.1947384 1.000000e+00 9.999924e-01
7.102000e-01 2.603557e-05 2.603557e-05 5.572463e-01 1.249195e+00 -6.187567e-06 2.954817e-06 1.607368e-06 1.625382e-06 -4.753165e-02 3.783052e-02 -0.15801741 1.000000e+00 9.999927e-01
7.102120e-01 2.601560e-05 2.601560e-05 5.573709e-01 1.249459e+00 -6.156416e-06 2.978669e-06 1.579813e-06 1.597933e-06 -4.732864e-02 3.816516e-02 -0.15801246 1.000000e+00 9.999925e-01
7.102240e-01 2.599983e-05 2.599983e-05 5.579811e-01 1.248245e+00 -6.003857e-06 2.869386e-06 1.558154e-06 1.576316e-06 -4.618381e-02 3.678724e-02 -0.15357636 1.000000e+00 9.999925e-01
7.102360e-01 2.599119e-05 2.599119e-05 5.561118e-01 1.253692e+00 -6.471196e-06 3.359647e-06 1.546604e-06 1.564945e-06 -4.979531e-02 4.308700e-02 -0.17020692 1.000000e+00 9.999926e-01
7.102480e-01 2.597560e-05 2.597560e-05 5.566681e-01 1.252622e+00 -6.332102e-06 3.263317e-06 1.525199e-06 1.543586e-06 -4.875423e-02 4.187670e-02 -0.16623054 1.000000e+00 9.999925e-01
7.102600e-01 2.596400e-05 2.596400e-05 5.563787e-01 1.253774e+00 -6.404441e-06 3.367082e-06 1.509446e-06 1.527913e-06 -4.933324e-02 4.322757e-02 -0.16935696 1.000000e+00 9.999924e-01
7.102720e-01 2.593813e-05 2.593813e-05 5.618171e-01 1.239472e+00 -5.044825e-06 2.079799e-06 1.473406e-06 1.491620e-06 -3.889891e-02 2.672769e-02 -0.12360492 1.000000e+00 9.999927e-01
7.102840e-01 2.593572e-05 2.593572e-05 5.568247e-01 1.253394e+00 -6.292934e-06 3.332872e-06 1.470736e-06 1.489325e-06 -4.852716e-02 4.283504e-02 -0.16701345 1.000000e+00 9.999924e-01
7.102960e-01 2.591446e-05 2.591446e-05 5.601784e-01 1.244735e+00 -5.454500e-06 2.553504e-06 1.441265e-06 1.459731e-06 -4.209619e-02 3.284529e-02 -0.13905756 1.000000e+00 9.999926e-01
7.103080e-01 2.590911e-05 2.590911e-05 5.553757e-01 1.258222e+00 -6.655178e-06 3.767444e-06 1.434444e-06 1.453290e-06 -5.137327e-02 4.847001e-02 -0.18102438 1.000000e+00 9.999922e-01
7.103200e-01 2.588740e-05 2.588740e-05 5.594290e-01 1.247634e+00 -5.641850e-06 2.814532e-06 1.404322e-06 1.422996e-06 -4.358761e-02 3.624070e-02 -0.14699709 1.000000e+00 9.999926e-01
7.103320e-01 2.587700e-05 2.587700e-05 5.601117e-01 1.246051e+00 -5.471159e-06 2.672047e-06 1.390218e-06 1.408893e-06 -4.228589e-02 3.441986e-02 -0.14161005 1.000000e+00 9.999927e-01
7.103440e-01 2.586983e-05 2.586983e-05 5.562587e-01 1.256958e+00 -6.434410e-06 3.653784e-06 1.380814e-06 1.399812e-06 -4.974451e-02 4.707909e-02 -0.17548191 1.000000e+00 9.999922e-01
7.103560e-01 2.584395e-05 2.584395e-05 5.627988e-01 1.239598e+00 -4.799377e-06 2.091232e-06 1.344739e-06 1.363406e-06 -3.714121e-02 2.697256e-02 -0.11998071 1.000000e+00 9.999925e-01
7.103680e-01 2.583321e-05 2.583321e-05 5.620231e-01 1.242073e+00 -4.993281e-06 2.314071e-06 1.330211e-06 1.349000e-06 -3.865785e-02 2.985912e-02 -0.12728997 1.000000e+00 9.999926e-01
7.103800e-01 2.582576e-05 2.582576e-05 5.580964e-01 1.253194e+00 -5.974980e-06 3.315016e-06 1.320417e-06 1.339547e-06 -4.627147e-02 4.278694e-02 -0.16187319 1.000000e+00 9.999922e-01
7.103920e-01 2.581414e-05 2.581414e-05 5.582523e-01 1.253111e+00 -5.935993e-06 3.307578e-06 1.304616e-06 1.323799e-06 -4.599025e-02 4.271016e-02 -0.16113681 1.000000e+00 9.999923e-01
7.104040e-01 2.580049e-05 2.580049e-05 5.587902e-01 1.252032e+00 -5.801505e-06 3.210387e-06 1.285947e-06 1.305171e-06 -4.497206e-02 4.147709e-02 -0.15718122 1.000000e+00 9.999924e-01
7.104160e-01 2.578710e-05 2.578710e-05 5.600620e-01 1.248906e+00 -5.483556e-06 2.929076e-06 1.267635e-06 1.286845e-06 -4.252944e-02 3.786228e-02 -0.1468053 1.000000e+00 9.999924e-01
7.104280e-01 2.576837e-05 2.576837e-05 5.627977e-01 1.241883e+00 -4.799628e-06 2.297012e-06 1.241745e-06 1.260870e-06 -3.725209e-02 2.971359e-02 -0.12393054 1.000000e+00 9.999926e-01
7.104400e-01 2.575891e-05 2.575891e-05 5.621410e-01 1.243989e+00 -4.963789e-06 2.486530e-06 1.229015e-06 1.248243e-06 -3.854037e-02 3.217697e-02 -0.13015476 1.000000e+00 9.999926e-01
7.104520e-01 2.574873e-05 2.574873e-05 5.603059e-01 1.249388e+00 -5.422555e-06 2.972503e-06 1.215313e-06 1.234739e-06 -4.211901e-02 3.848090e-02 -0.14671701 1.000000e+00 9.999923e-01
7.104640e-01 2.573817e-05 2.573817e-05 5.596549e-01 1.251512e+00 -5.585307e-06 3.163682e-06 1.201044e-06 1.220582e-06 -4.340096e-02 4.097263e-02 -0.15296517 1.000000e+00 9.999922e-01
7.104760e-01 2.571635e-05 2.571635e-05 5.650285e-01 1.237262e+00 -4.241903e-06 1.881159e-06 1.170732e-06 1.190012e-06 -3.298993e-02 2.438343e-02 -0.107145 1.000000e+00 9.999926e-01
7.104880e-01 2.571189e-05 2.571189e-05 5.612581e-01 1.247855e+00 -5.184493e-06 2.834639e-06 1.165134e-06 1.184720e-06 -4.032760e-02 3.674874e-02 -0.14034789 1.000000e+00 9.999923e-01
7.105000e-01 2.569714e-05 2.569714e-05 5.634765e-01 1.242144e+00 -4.629875e-06 2.320607e-06 1.144879e-06 1.164390e-06 -3.603416e-02 3.010201e-02 -0.12171456 1.000000e+00 9.999926e-01
7.105120e-01 2.568974e-05 2.568974e-05 5.622644e-01 1.245728e+00 -4.932905e-06 2.643116e-06 1.135073e-06 1.154716e-06 -3.840369e-02 3.429535e-02 -0.13270707 1.000000e+00 9.999924e-01
7.105240e-01 2.567567e-05 2.567567e-05 5.634251e-01 1.242932e+00 -4.642724e-06 2.391493e-06 1.115791e-06 1.135440e-06 -3.616439e-02 3.104747e-02 -0.12328398 1.000000e+00 9.999924e-01
7.105360e-01 2.566539e-05 2.566539e-05 5.632516e-01 1.243721e+00 -4.686095e-06 2.462563e-06 1.101904e-06 1.121628e-06 -3.651684e-02 3.198292e-02 -0.12533985 1.000000e+00 9.999924e-01
7.105480e-01 2.565721e-05 2.565721e-05 5.627271e-01 1.245420e+00 -4.817230e-06 2.615466e-06 1.090977e-06 1.110787e-06 -3.755070e-02 3.397961e-02 -0.13036158 1.000000e+00 9.999924e-01
7.105600e-01 2.563958e-05 2.563958e-05 5.672960e-01 1.233273e+00 -3.674990e-06 1.522216e-06 1.066596e-06 1.086178e-06 -2.866654e-02 1.978993e-02 -0.09121608 1.000000e+00 9.999927e-01
7.105720e-01 2.563580e-05 2.563580e-05 5.625593e-01 1.246528e+00 -4.859151e-06 2.715206e-06 1.061995e-06 1.081951e-06 -3.790910e-02 3.530487e-02 -0.13295709 1.000000e+00 9.999922e-01
7.105840e-01 2.562528e-05 2.562528e-05 5.632528e-01 1.244918e+00 -4.685772e-06 2.570333e-06 1.047734e-06 1.067705e-06 -3.657148e-02 3.343487e-02 -0.1274229 1.000000e+00 9.999924e-01
7.105960e-01 2.561336e-05 2.561336e-05 5.647419e-01 1.241143e+00 -4.313513e-06 2.230590e-06 1.031493e-06 1.051430e-06 -3.368174e-02 2.902898e-02 -0.11497302 1.000000e+00 9.999925e-01
7.106080e-01 2.560366e-05 2.560366e-05 5.654579e-01 1.239445e+00 -4.134485e-06 2.077766e-06 1.018389e-06 1.038330e-06 -3.229604e-02 2.705038e-02 -0.10918413 1.000000e+00 9.999926e-01
7.106200e-01 2.559192e-05 2.559192e-05 5.661949e-01 1.237753e+00 -3.950236e-06 1.925433e-06 1.002419e-06 1.022384e-06 -3.087096e-02 2.507865e-02 -0.10331586 1.000000e+00 9.999925e-01
7.106320e-01 2.557840e-05 2.557840e-05 5.683264e-01 1.232245e+00 -3.417355e-06 1.429688e-06 9.838870e-07 1.003780e-06 -2.672064e-02 1.863145e-02 -0.085273884 1.000000e+00 9.999927e-01
7.106440e-01 2.557463e-05 2.557463e-05 5.656651e-01 1.239737e+00 -4.082675e-06 2.104071e-06 9.792459e-07 9.993581e-07 -3.192754e-02 2.742393e-02 -0.10885923 1.000000e+00 9.999925e-01
7.106560e-01 2.556399e-05 2.556399e-05 5.659426e-01 1.239286e+00 -4.013309e-06 2.063476e-06 9.648369e-07 9.849966e-07 -3.139814e-02 2.690602e-02 -0.10696896 1.000000e+00 9.999926e-01
7.106680e-01 2.555409e-05 2.555409e-05 5.665992e-01 1.237759e+00 -3.849151e-06 1.926058e-06 9.514571e-07 9.716356e-07 -3.012552e-02 2.512394e-02 -0.10169973 1.000000e+00 9.999925e-01
7.106800e-01 2.554245e-05 2.554245e-05 5.683448e-01 1.233264e+00 -3.412754e-06 1.521446e-06 9.355928e-07 9.557160e-07 -2.672222e-02 1.985513e-02 -0.086929416 1.000000e+00 9.999927e-01
7.106920e-01 2.553577e-05 2.553577e-05 5.670361e-01 1.237092e+00 -3.739909e-06 1.866031e-06 9.268070e-07 9.470710e-07 -2.929153e-02 2.435840e-02 -0.09878976 1.000000e+00 9.999924e-01
7.107040e-01 2.553078e-05 2.553078e-05 5.651825e-01 1.242380e+00 -4.203321e-06 2.342042e-06 9.204258e-07 9.408537e-07 -3.292748e-02 3.057802e-02 -0.11536713 1.000000e+00 9.999923e-01
7.107160e-01 2.551763e-05 2.551763e-05 5.678624e-01 1.235338e+00 -3.533336e-06 1.708207e-06 9.024043e-07 9.227245e-07 -2.769330e-02 2.231408e-02 -0.09243396 1.000000e+00 9.999926e-01
7.107280e-01 2.550772e-05 2.550772e-05 5.682906e-01 1.234445e+00 -3.426273e-06 1.627849e-06 8.890339e-07 9.093902e-07 -2.686459e-02 2.127263e-02 -0.089163378 1.000000e+00 9.999926e-01
7.107400e-01 2.549750e-05 2.549750e-05 5.706902e-01 1.228090e+00 -2.826368e-06 1.055843e-06 8.751423e-07 8.953821e-07 -2.216977e-02 1.380323e-02 -0.068516334 1.000000e+00 9.999928e-01
7.107520e-01 2.548841e-05 2.548841e-05 5.711165e-01 1.227177e+00 -2.719784e-06 9.736883e-07 8.629134e-07 8.831820e-07 -2.134134e-02 1.273374e-02 -0.065208573 1.000000e+00 9.999928e-01
7.107640e-01 2.548703e-05 2.548703e-05 5.667947e-01 1.239205e+00 -3.800240e-06 2.056269e-06 8.616868e-07 8.822840e-07 -2.982097e-02 2.689301e-02 -0.10340271 1.000000e+00 9.999924e-01
7.107760e-01 2.547632e-05 2.547632e-05 5.675794e-01 1.237348e+00 -3.604068e-06 1.889115e-06 8.471684e-07 8.677851e-07 -2.829348e-02 2.471726e-02 -0.09702864 1.000000e+00 9.999925e-01
7.107880e-01 2.546963e-05 2.546963e-05 5.664507e-01 1.240676e+00 -3.886248e-06 2.188757e-06 8.383738e-07 8.591172e-07 -3.051672e-02 2.864531e-02 -0.10733382 1.000000e+00 9.999922e-01
7.108000e-01 2.546077e-05 2.546077e-05 5.674017e-01 1.238300e+00 -3.648496e-06 1.974872e-06 8.264456e-07 8.471789e-07 -2.865975e-02 2.585510e-02 -0.0993888 1.000000e+00 9.999924e-01
7.108120e-01 2.545066e-05 2.545066e-05 5.690043e-01 1.234153e+00 -3.247825e-06 1.601643e-06 8.127496e-07 8.334320e-07 -2.552252e-02 2.097710e-02 -0.085744764 1.000000e+00 9.999924e-01
7.108240e-01 2.544175e-05 2.544175e-05 5.692697e-01 1.233681e+00 -3.181465e-06 1.559181e-06 8.007785e-07 8.215057e-07 -2.500980e-02 2.042812e-02 -0.083850021 1.000000e+00 9.999926e-01
7.108360e-01 2.543353e-05 2.543353e-05 5.701640e-01 1.231442e+00 -2.957891e-06 1.357639e-06 7.897675e-07 8.104844e-07 -2.325977e-02 1.779329e-02 -0.076355433 1.000000e+00 9.999927e-01
7.108480e-01 2.542586e-05 2.542586e-05 5.704208e-01 1.230956e+00 -2.893687e-06 1.313851e-06 7.795449e-07 8.002917e-07 -2.276177e-02 1.722460e-02 -0.074467188 9.999999e-01 9.999927e-01
7.108600e-01 2.541808e-05 2.541808e-05 5.701029e-01 1.232068e+00 -2.973159e-06 1.413976e-06 7.691782e-07 7.900048e-07 -2.339405e-02 1.854292e-02 -0.077669559 9.999999e-01 9.999926e-01
7.108720e-01 2.541159e-05 2.541159e-05 5.695554e-01 1.233777e+00 -3.110047e-06 1.567837e-06 7.606487e-07 7.815621e-07 -2.447739e-02 2.056590e-02 -0.082838097 1.000000e+00 9.999925e-01
7.108840e-01 2.540201e-05 2.540201e-05 5.718373e-01 1.227728e+00 -2.539559e-06 1.023404e-06 7.476755e-07 7.684797e-07 -1.999495e-02 1.342943e-02 -0.063118359 9.999999e-01 9.999927e-01
7.108960e-01 2.539696e-05 2.539696e-05 5.697325e-01 1.233715e+00 -3.065745e-06 1.562308e-06 7.412177e-07 7.622194e-07 -2.414261e-02 2.050518e-02 -0.08200287 9.999999e-01 9.999924e-01
7.109080e-01 2.539132e-05 2.539132e-05 5.691988e-01 1.235360e+00 -3.199179e-06 1.710358e-06 7.338726e-07 7.549487e-07 -2.519900e-02 2.245332e-02 -0.087009732 9.999999e-01 9.999923e-01
7.109200e-01 2.538268e-05 2.538268e-05 5.704315e-01 1.232194e+00 -2.890997e-06 1.425411e-06 7.222690e-07 7.433166e-07 -2.277928e-02 1.871895e-02 -0.076523967 9.999999e-01 9.999925e-01
7.109320e-01 2.537513e-05 2.537513e-05 5.710808e-01 1.230615e+00 -2.728663e-06 1.283225e-06 7.121938e-07 7.332446e-07 -2.150660e-02 1.685673e-02 -0.071146431 9.999999e-01 9.999926e-01
7.109440e-01 2.537016e-05 2.537016e-05 5.697799e-01 1.234368e+00 -3.053892e-06 1.621043e-06 7.058337e-07 7.270155e-07 -2.407468e-02 2.129855e-02 -0.082921068 9.999999e-01 9.999925e-01
7.109560e-01 2.536405e-05 2.536405e-05 5.695763e-01 1.235110e+00 -3.104781e-06 1.687913e-06 6.978154e-07 7.190530e-07 -2.448175e-02 2.218249e-02 -0.08503029 9.999999e-01 9.999923e-01
7.109680e-01 2.535586e-05 2.535586e-05 5.706843e-01 1.232277e+00 -2.827785e-06 1.432875e-06 6.868477e-07 7.080627e-07 -2.230478e-02 1.883687e-02 -0.075615534 9.999999e-01 9.999925e-01
7.109800e-01 2.534804e-05 2.534804e-05 5.721182e-01 1.228527e+00 -2.469303e-06 1.095384e-06 6.763802e-07 6.975394e-07 -1.948319e-02 1.440458e-02 -0.063283356 9.999999e-01 9.999927e-01
7.109920e-01 2.534410e-05 2.534410e-05 5.705852e-01 1.232893e+00 -2.852547e-06 1.488328e-06 6.714586e-07 6.927609e-07 -2.251055e-02 1.957494e-02 -0.077074902 9.999999e-01 9.999924e-01
7.110040e-01 2.533822e-05 2.533822e-05 5.704433e-01 1.233457e+00 -2.888036e-06 1.539134e-06 6.637745e-07 6.851272e-07 -2.279589e-02 2.024786e-02 -0.07862535 9.999999e-01 9.999924e-01
7.110160e-01 2.533074e-05 2.533074e-05 5.707888e-01 1.232718e+00 -2.801660e-06 1.472634e-06 6.538208e-07 6.752050e-07 -2.212063e-02 1.937874e-02 -0.075932721 9.999999e-01 9.999924e-01
7.110280e-01 2.532211e-05 2.532211e-05 5.738111e-01 1.224584e+00 -2.046056e-06 7.405063e-07 6.421677e-07 6.633822e-07 -1.616024e-02 9.747823e-03 -0.049520088 9.999999e-01 9.999928e-01
7.110400e-01 2.531606e-05 2.531606e-05 5.731336e-01 1.226640e+00 -2.215435e-06 9.255893e-07 6.342666e-07 6.555791e-07 -1.750221e-02 1.218711e-02 -0.055832571 9.999999e-01 9.999928e-01
7.110520e-01 2.531053e-05 2.531053e-05 5.724548e-01 1.228684e+00 -2.385130e-06 1.109560e-06 6.270825e-07 6.484876e-07 -1.884694e-02 1.461263e-02 -0.06213267 9.999999e-01 9.999926e-01
7.110640e-01 2.530466e-05 2.530466e-05 5.727581e-01 1.228012e+00 -2.309304e-06 1.049084e-06 6.193980e-07 6.408212e-07 -1.825200e-02 1.381938e-02 -0.059723172 9.999999e-01 9.999926e-01
7.110760e-01 2.529892e-05 2.529892e-05 5.729977e-01 1.227513e+00 -2.249397e-06 1.004159e-06 6.118963e-07 6.333415e-07 -1.778256e-02 1.323060e-02 -0.057872052 9.999999e-01 9.999927e-01
7.110880e-01 2.529208e-05 2.529208e-05 5.738520e-01 1.225342e+00 -2.035821e-06 8.087385e-07 6.028255e-07 6.242567e-07 -1.609849e-02 1.065865e-02 -0.05061078 9.999999e-01 9.999928e-01
7.111000e-01 2.528789e-05 2.528789e-05 5.726531e-01 1.228788e+00 -2.335550e-06 1.118897e-06 5.975502e-07 6.191026e-07 -1.847169e-02 1.474879e-02 -0.061472178 9.999999e-01 9.999926e-01
7.111120e-01 2.528219e-05 2.528219e-05 5.729678e-01 1.228078e+00 -2.256887e-06 1.055085e-06 5.901168e-07 6.116848e-07 -1.785357e-02 1.391078e-02 -0.058950081 9.999999e-01 9.999925e-01
7.111240e-01 2.527543e-05 2.527543e-05 5.746094e-01 1.223719e+00 -1.846470e-06 6.626980e-07 5.811397e-07 6.026321e-07 -1.461079e-02 8.739685e-03 -0.044672841 9.999999e-01 9.999928e-01
7.111360e-01 2.527122e-05 2.527122e-05 5.736648e-01 1.226460e+00 -2.082627e-06 9.093892e-07 5.758220e-07 5.974157e-07 -1.648220e-02 1.199506e-02 -0.05327829 9.999999e-01 9.999926e-01
7.111480e-01 2.526599e-05 2.526599e-05 5.725616e-01 1.229672e+00 -2.358411e-06 1.198529e-06 5.690816e-07 5.908005e-07 -1.866866e-02 1.581215e-02 -0.063350901 9.999999e-01 9.999925e-01
7.111600e-01 2.525918e-05 2.525918e-05 5.742001e-01 1.225323e+00 -1.948797e-06 8.070886e-07 5.600322e-07 5.816766e-07 -1.543041e-02 1.065076e-02 -0.049096953 9.999999e-01 9.999927e-01
7.111720e-01 2.525338e-05 2.525338e-05 5.746972e-01 1.224111e+00 -1.824508e-06 6.979736e-07 5.524415e-07 5.740928e-07 -1.444962e-02 9.212942e-03 -0.044949105 9.999999e-01 9.999928e-01
7.111840e-01 2.525070e-05 2.525070e-05 5.728973e-01 1.229178e+00 -2.274490e-06 1.154065e-06 5.493098e-07 5.711145e-07 -1.801526e-02 1.523477e-02 -0.061101279 9.999999e-01 9.999925e-01
7.111960e-01 2.524521e-05 2.524521e-05 5.730129e-01 1.229015e+00 -2.245578e-06 1.139402e-06 5.421693e-07 5.640071e-07 -1.779013e-02 1.504446e-02 -0.060337827 9.999999e-01 9.999924e-01
7.112080e-01 2.524035e-05 2.524035e-05 5.727639e-01 1.229844e+00 -2.307833e-06 1.214090e-06 5.359258e-07 5.578174e-07 -1.828686e-02 1.603372e-02 -0.062790957 9.999999e-01 9.999923e-01
7.112200e-01 2.523299e-05 2.523299e-05 5.755387e-01 1.222358e+00 -1.614127e-06 5.402468e-07 5.260724e-07 5.478077e-07 -1.279378e-02 7.136779e-03 -0.038420667 9.999999e-01 9.999928e-01
7.112320e-01 2.522988e-05 2.522988e-05 5.736996e-01 1.227547e+00 -2.073903e-06 1.007319e-06 5.223423e-07 5.442418e-07 -1.644006e-02 1.330855e-02 -0.054956664 9.999999e-01 9.999926e-01
7.112440e-01 2.522275e-05 2.522275e-05 5.755538e-01 1.222609e+00 -1.610345e-06 5.628436e-07 5.128448e-07 5.346570e-07 -1.276899e-02 7.438305e-03 -0.038771937 9.999999e-01 9.999928e-01
7.112560e-01 2.521891e-05 2.521891e-05 5.742711e-01 1.226276e+00 -1.931018e-06 8.929558e-07 5.080608e-07 5.300018e-07 -1.531405e-02 1.180273e-02 -0.050390298 9.999999e-01 9.999926e-01
7.112680e-01 2.521308e-05 2.521308e-05 5.759857e-01 1.221685e+00 -1.502371e-06 4.797319e-07 5.003938e-07 5.222453e-07 -1.191739e-02 6.342368e-03 -0.035376336 9.999999e-01 9.999928e-01
7.112800e-01 2.520965e-05 2.520965e-05 5.746660e-01 1.225442e+00 -1.832279e-06 8.179025e-07 4.961989e-07 5.181778e-07 -1.453633e-02 1.081467e-02 -0.047306556 9.999999e-01 9.999926e-01
7.112920e-01 2.520529e-05 2.520529e-05 5.742469e-01 1.226729e+00 -1.937070e-06 9.337167e-07 4.906547e-07 5.126987e-07 -1.537035e-02 1.234816e-02 -0.051253299 9.999999e-01 9.999925e-01
7.113040e-01 2.520105e-05 2.520105e-05 5.745799e-01 1.225923e+00 -1.853803e-06 8.612162e-07 4.852685e-07 5.073179e-07 -1.471211e-02 1.139128e-02 -0.048480462 9.999999e-01 9.999927e-01
7.113160e-01 2.519679e-05 2.519679e-05 5.747255e-01 1.225639e+00 -1.817421e-06 8.356181e-07 4.798675e-07 5.019358e-07 -1.442581e-02 1.105456e-02 -0.047381733 9.999999e-01 9.999926e-01
7.113280e-01 2.519273e-05 2.519273e-05 5.744370e-01 1.226553e+00 -1.889541e-06 9.179406e-07 4.747398e-07 4.968610e-07 -1.500069e-02 1.214558e-02 -0.050148081 9.999999e-01 9.999925e-01
7.113400e-01 2.518852e-05 2.518852e-05 5.744530e-01 1.226627e+00 -1.885534e-06 9.245711e-07 4.694061e-07 4.915567e-07 -1.497138e-02 1.223535e-02 -0.050203323 9.999999e-01 9.999925e-01
7.113520e-01 2.518357e-05 2.518357e-05 5.750193e-01 1.225196e+00 -1.743954e-06 7.957753e-07 4.630158e-07 4.851626e-07 -1.384993e-02 1.053300e-02 -0.045381888 9.999999e-01 9.999926e-01
7.113640e-01 2.517789e-05 2.517789e-05 5.762875e-01 1.221839e+00 -1.426894e-06 4.936569e-07 4.555715e-07 4.776656e-07 -1.133450e-02 6.535588e-03 -0.034325667 9.999999e-01 9.999929e-01
7.113760e-01 2.517367e-05 2.517367e-05 5.763963e-01 1.221656e+00 -1.399704e-06 4.771456e-07 4.502202e-07 4.723378e-07 -1.112038e-02 6.318051e-03 -0.033550218 9.999999e-01 9.999929e-01
7.113880e-01 2.517122e-05 2.517122e-05 5.753815e-01 1.224536e+00 -1.653388e-06 7.363811e-07 4.473977e-07 4.696091e-07 -1.313713e-02 9.751626e-03 -0.042723234 9.999999e-01 9.999927e-01
7.114000e-01 2.516653e-05 2.516653e-05 5.751988e-01 1.225176e+00 -1.699060e-06 7.940257e-07 4.413851e-07 4.636489e-07 -1.350254e-02 1.051695e-02 -0.044578593 9.999999e-01 9.999926e-01
7.114120e-01 2.516268e-05 2.516268e-05 5.756091e-01 1.224144e+00 -1.596487e-06 7.011425e-07 4.365421e-07 4.588029e-07 -1.268933e-02 9.288128e-03 -0.041089959 9.999999e-01 9.999927e-01
7.114240e-01 2.515937e-05 2.515937e-05 5.751023e-01 1.225641e+00 -1.723185e-06 8.358672e-07 4.324973e-07 4.548202e-07 -1.369815e-02 1.107430e-02 -0.045771147 9.999999e-01 9.999925e-01
7.114360e-01 2.515369e-05 2.515369e-05 5.766962e-01 1.221380e+00 -1.324709e-06 4.523792e-07 4.250414e-07 4.472882e-07 -1.053292e-02 5.994869e-03 -0.03179214 9.999999e-01 9.999928e-01
7.114480e-01 2.515108e-05 2.515108e-05 5.752505e-01 1.225462e+00 -1.686130e-06 8.197448e-07 4.220044e-07 4.443811e-07 -1.340801e-02 1.086428e-02 -0.044834805 9.999999e-01 9.999925e-01
7.114600e-01 2.514725e-05 2.514725e-05 5.755632e-01 1.224700e+00 -1.607968e-06 7.511987e-07 4.171938e-07 4.395758e-07 -1.278842e-02 9.957334e-03 -0.042216354 9.999999e-01 9.999926e-01
7.114720e-01 2.514301e-05 2.514301e-05 5.758279e-01 1.224085e+00 -1.541796e-06 6.957954e-07 4.118023e-07 4.341979e-07 -1.226421e-02 9.224505e-03 -0.040047552 9.999999e-01 9.999926e-01
7.114840e-01 2.513875e-05 2.513875e-05 5.760584e-01 1.223564e+00 -1.484158e-06 6.489399e-07 4.064029e-07 4.288156e-07 -1.180773e-02 8.604773e-03 -0.038183841 9.999999e-01 9.999926e-01
7.114960e-01 2.513510e-05 2.513510e-05 5.762921e-01 1.223016e+00 -1.425721e-06 5.996193e-07 4.018399e-07 4.242613e-07 -1.134446e-02 7.951953e-03 -0.036260172 9.999999e-01 9.999927e-01
7.115080e-01 2.513049e-05 2.513049e-05 5.779440e-01 1.218561e+00 -1.012742e-06 1.986231e-07 3.958946e-07 4.182248e-07 -8.059871e-03 2.634556e-03 -0.021691359 9.999999e-01 9.999929e-01
7.115200e-01 2.512761e-05 2.512761e-05 5.772788e-01 1.220484e+00 -1.179047e-06 3.717262e-07 3.924592e-07 4.148618e-07 -9.384474e-03 4.931178e-03 -0.027772155 9.999999e-01 9.999929e-01
7.115320e-01 2.512426e-05 2.512426e-05 5.761414e-01 1.223733e+00 -1.463397e-06 6.641471e-07 3.883652e-07 4.108842e-07 -1.164927e-02 8.811498e-03 -0.038106378 9.999999e-01 9.999926e-01
7.115440e-01 2.511994e-05 2.511994e-05 5.774660e-01 1.220177e+00 -1.132236e-06 3.441003e-07 3.828428e-07 4.052926e-07 -9.014635e-03 4.566097e-03 -0.026447157 9.999999e-01 9.999929e-01
7.115560e-01 2.511695e-05 2.511695e-05 5.771536e-01 1.221124e+00 -1.210343e-06 4.293822e-07 3.792318e-07 4.017288e-07 -9.637657e-03 5.698438e-03 -0.02937762 9.999999e-01 9.999929e-01
7.115680e-01 2.511288e-05 2.511288e-05 5.779826e-01 1.218937e+00 -1.003101e-06 2.324991e-07 3.740688e-07 3.965330e-07 -7.988736e-03 3.086054e-03 -0.022140828 9.999999e-01 9.999929e-01
7.115800e-01 2.511038e-05 2.511038e-05 5.767373e-01 1.222459e+00 -1.314415e-06 5.494905e-07 3.711724e-07 3.937526e-07 -1.046910e-02 7.294335e-03 -0.033402834 9.999999e-01 9.999926e-01
7.115920e-01 2.510745e-05 2.510745e-05 5.763169e-01 1.223704e+00 -1.419527e-06 6.615825e-07 3.676551e-07 3.902894e-07 -1.130762e-02 8.783349e-03 -0.037299663 9.999999e-01 9.999925e-01
7.116040e-01 2.510283e-05 2.510283e-05 5.780672e-01 1.218976e+00 -9.819468e-07 2.360128e-07 3.616984e-07 3.842355e-07 -7.823394e-03 3.133947e-03 -0.021833469 9.999999e-01 9.999929e-01
7.116160e-01 2.510088e-05 2.510088e-05 5.767024e-01 1.222812e+00 -1.323145e-06 5.813191e-07 3.595851e-07 3.822410e-07 -1.054262e-02 7.719769e-03 -0.03414258 9.999999e-01 9.999927e-01
7.116280e-01 2.509775e-05 2.509775e-05 5.770285e-01 1.221991e+00 -1.241623e-06 5.074610e-07 3.557534e-07 3.784082e-07 -9.894296e-03 6.739796e-03 -0.031360896 9.999999e-01 9.999927e-01
7.116400e-01 2.509458e-05 2.509458e-05 5.768693e-01 1.222519e+00 -1.281407e-06 5.549234e-07 3.518957e-07 3.745877e-07 -1.021262e-02 7.371093e-03 -0.032929371 9.999999e-01 9.999926e-01
7.116520e-01 2.509165e-05 2.509165e-05 5.770079e-01 1.222212e+00 -1.246762e-06 5.273417e-07 3.483585e-07 3.710618e-07 -9.937665e-03 7.005540e-03 -0.031817223 9.999999e-01 9.999926e-01
7.116640e-01 2.508825e-05 2.508825e-05 5.769717e-01 1.222406e+00 -1.255817e-06 5.447566e-07 3.441634e-07 3.668973e-07 -1.001120e-02 7.237873e-03 -0.032296329 9.999999e-01 9.999926e-01
7.116760e-01 2.508542e-05 2.508542e-05 5.769787e-01 1.222461e+00 -1.254065e-06 5.497519e-07 3.407793e-07 3.635338e-07 -9.998357e-03 7.305065e-03 -0.032358141 9.999999e-01 9.999926e-01
7.116880e-01 2.508103e-05 2.508103e-05 5.784261e-01 1.218567e+00 -8.922076e-07 1.992427e-07 3.351427e-07 3.578222e-07 -7.114602e-03 2.647987e-03 -0.019582632 9.999999e-01 9.999929e-01
7.117000e-01 2.507878e-05 2.507878e-05 5.776103e-01 1.220889e+00 -1.096156e-06 4.082170e-07 3.325895e-07 3.553493e-07 -8.741701e-03 5.425796e-03 -0.026993655 9.999999e-01 9.999927e-01
7.117120e-01 2.507591e-05 2.507591e-05 5.775908e-01 1.221019e+00 -1.101023e-06 4.199272e-07 3.291565e-07 3.519393e-07 -8.781518e-03 5.582079e-03 -0.027294219 9.999999e-01 9.999927e-01
7.117240e-01 2.507306e-05 2.507306e-05 5.775943e-01 1.221085e+00 -1.100146e-06 4.258882e-07 3.257264e-07 3.485315e-07 -8.775525e-03 5.661964e-03 -0.027388584 9.999999e-01 9.999927e-01
7.117360e-01 2.506944e-05 2.506944e-05 5.785767e-01 1.218458e+00 -8.545555e-07 1.894018e-07 3.211974e-07 3.439563e-07 -6.817508e-03 2.518362e-03 -0.018739179 9.999999e-01 9.999929e-01
7.117480e-01 2.506800e-05 2.506800e-05 5.773151e-01 1.221991e+00 -1.169951e-06 5.074798e-07 3.198033e-07 3.426681e-07 -9.334220e-03 6.748042e-03 -0.030111849 9.999999e-01 9.999926e-01
7.117600e-01 2.506394e-05 2.506394e-05 5.785335e-01 1.218722e+00 -8.653438e-07 2.132530e-07 3.146428e-07 3.374479e-07 -6.905090e-03 2.836120e-03 -0.019365219 9.999999e-01 9.999929e-01
7.117720e-01 2.506250e-05 2.506250e-05 5.772437e-01 1.222334e+00 -1.187791e-06 5.383708e-07 3.132535e-07 3.361667e-07 -9.478629e-03 7.160375e-03 -0.030993426 9.999999e-01 9.999925e-01
7.117840e-01 2.505925e-05 2.505925e-05 5.779507e-01 1.220460e+00 -1.011038e-06 3.696711e-07 3.092407e-07 3.321261e-07 -8.069181e-03 4.917295e-03 -0.024794001 9.999999e-01 9.999928e-01
7.117960e-01 2.505643e-05 2.505643e-05 5.777738e-01 1.221026e+00 -1.055259e-06 4.205953e-07 3.058709e-07 3.287931e-07 -8.423062e-03 5.595308e-03 -0.026505558 9.999999e-01 9.999927e-01
7.118080e-01 2.505373e-05 2.505373e-05 5.778573e-01 1.220865e+00 -1.034399e-06 4.061437e-07 3.026590e-07 3.255961e-07 -8.257445e-03 5.403637e-03 -0.025874163 9.999999e-01 9.999927e-01
7.118200e-01 2.505141e-05 2.505141e-05 5.776824e-01 1.221410e+00 -1.078126e-06 4.551656e-07 2.999963e-07 3.229640e-07 -8.607307e-03 6.056421e-03 -0.02754261 9.999999e-01 9.999926e-01
7.118320e-01 2.504841e-05 2.504841e-05 5.780547e-01 1.220456e+00 -9.850443e-07 3.693527e-07 2.963642e-07 3.193275e-07 -7.865123e-03 4.915183e-03 -0.024332022 9.999999e-01 9.999928e-01
7.118440e-01 2.504634e-05 2.504634e-05 5.776343e-01 1.221674e+00 -1.090127e-06 4.790073e-07 2.940545e-07 3.170655e-07 -8.704881e-03 6.374946e-03 -0.028192158 9.999999e-01 9.999925e-01
7.118560e-01 2.504294e-05 2.504294e-05 5.786437e-01 1.218966e+00 -8.377927e-07 2.351732e-07 2.898289e-07 3.127906e-07 -6.690849e-03 3.130266e-03 -0.019280268 9.999999e-01 9.999929e-01
7.118680e-01 2.504140e-05 2.504140e-05 5.778137e-01 1.221304e+00 -1.045285e-06 4.457010e-07 2.882739e-07 3.113097e-07 -8.348452e-03 5.932856e-03 -0.026793369 9.999999e-01 9.999926e-01
7.118800e-01 2.503798e-05 2.503798e-05 5.789318e-01 1.218294e+00 -7.657554e-07 1.747274e-07 2.840251e-07 3.070029e-07 -6.116751e-03 2.326165e-03 -0.016903008 9.999999e-01 9.999929e-01
7.118920e-01 2.503591e-05 2.503591e-05 5.780964e-01 1.220664e+00 -9.746036e-07 3.880845e-07 2.817298e-07 3.047893e-07 -7.785645e-03 5.167038e-03 -0.024493203 9.999999e-01 9.999926e-01
7.119040e-01 2.503353e-05 2.503353e-05 5.781250e-01 1.220646e+00 -9.674589e-07 3.864443e-07 2.789695e-07 3.020451e-07 -7.729304e-03 5.145690e-03 -0.02433762 9.999999e-01 9.999926e-01
7.119160e-01 2.503074e-05 2.503074e-05 5.786073e-01 1.219381e+00 -8.468800e-07 2.725720e-07 2.756232e-07 2.986848e-07 -6.766720e-03 3.629831e-03 -0.020125395 9.999999e-01 9.999928e-01
7.119280e-01 2.502839e-05 2.502839e-05 5.787533e-01 1.219035e+00 -8.103724e-07 2.414889e-07 2.729076e-07 2.959758e-07 -6.475624e-03 3.216200e-03 -0.018912024 9.999999e-01 9.999927e-01
7.119400e-01 2.502620e-05 2.502620e-05 5.785042e-01 1.219782e+00 -8.726424e-07 3.087022e-07 2.704177e-07 2.935226e-07 -6.973832e-03 4.111720e-03 -0.021241944 9.999999e-01 9.999926e-01
7.119520e-01 2.502350e-05 2.502350e-05 5.792571e-01 1.217763e+00 -6.844324e-07 1.269691e-07 2.671980e-07 2.902654e-07 -5.470316e-03 1.691331e-03 -0.014591511 9.999999e-01 9.999930e-01
7.119640e-01 2.502143e-05 2.502143e-05 5.788497e-01 1.218945e+00 -7.862663e-07 2.333748e-07 2.648880e-07 2.880035e-07 -6.284742e-03 3.108999e-03 -0.018337815 9.999999e-01 9.999929e-01
7.119760e-01 2.501926e-05 2.501926e-05 5.790794e-01 1.218362e+00 -7.288424e-07 1.809047e-07 2.624119e-07 2.855257e-07 -5.826251e-03 2.410206e-03 -0.016362846 9.999999e-01 9.999929e-01
7.119880e-01 2.501686e-05 2.501686e-05 5.792590e-01 1.217925e+00 -6.839419e-07 1.415663e-07 2.596281e-07 2.827475e-07 -5.467848e-03 1.886279e-03 -0.014849136 9.999999e-01 9.999929e-01
7.120000e-01 2.501474e-05 2.501474e-05 5.789565e-01 1.218818e+00 -7.595682e-07 2.219271e-07 2.572407e-07 2.804005e-07 -6.072966e-03 2.957284e-03 -0.017656506 9.999999e-01 9.999929e-01
