################
# [default parameters]
# 	{'NL': 40, 'NR': 2, 'GNL': 1e-3, 'GNR': 1e-3, 'GS': 1., 'wL': 1., 'wR': 1., 'lambdaL': 0.02, 'lambdaR': 0., 'QL': 1e5, 'QR': 1e5, 'TL': 5., 'TR': 0., 'muL': -1e3, 'muR': -1e3}
# [assignments]
# 	{'eLu': '_eps_', 'eLd': '_eps_', 'eRu': '_eps_', 'eRd': '_eps_', 'eps':'0.5*sqrt(_w_**2-2*_GS_**2)'}
# [variables]
#	[GS]
# [model version]
#	vMattiaChargevib_07_02_2019_01??
# [format]
#	['GS', 'IL', 'IR', 'nOscL', 'nOscR', 'ComBoseL', 'ComBoseR']
################
0.000000000000000000e+00	1.549897381762966862e-106	0.000000000000000000e+00	4.442108216421658540e+00	-1.135455450268578054e-01	9.834950111617076773e-01	1.227091090053715972e+00
2.828427124746190052e-03	2.883294899845550020e-05	2.883294899845550020e-05	1.633907672597520788e+00	4.999999999767072434e-01	9.999451868041541180e-01	4.658446764493151014e-11
5.656854249492380103e-03	3.918592722619131997e-05	3.918592722619131997e-05	6.011622739167048479e-01	5.000000000138588030e-01	9.999998373835486953e-01	-2.771839502093027367e-11
8.485281374238569721e-03	4.215894346104642130e-05	4.215894346104641453e-05	3.076879804931682560e-01	4.999999999623477853e-01	9.999999940140947841e-01	7.530373300319033624e-11
1.131370849898476021e-02	4.336701686312591301e-05	4.336701686312591301e-05	1.922349273852050899e-01	4.999999999636566272e-01	9.999999991345189798e-01	7.268743499592640272e-11
1.414213562373095069e-02	4.399631492514815103e-05	4.399631492514815781e-05	1.361882233852082513e-01	4.999999999398314077e-01	9.999999997437668542e-01	1.203374507002175226e-10
1.697056274847713944e-02	4.439224506365466291e-05	4.439224506365466969e-05	1.050074791922173817e-01	4.999999999749880630e-01	9.999999998865333195e-01	5.002379306995724708e-11
1.979898987322332993e-02	4.468222246288041630e-05	4.468222246288040275e-05	8.595128812847846467e-02	4.999999999812712592e-01	9.999999999359501235e-01	3.745733843304927183e-11
2.262741699796952041e-02	4.492162412570886373e-05	4.492162412570885696e-05	7.348198404801979666e-02	4.999999999476992807e-01	9.999999999577707799e-01	1.046015902218907272e-10
2.545584412271571090e-02	4.513754556285563894e-05	4.513754556285565927e-05	6.489001782307260435e-02	4.999999999464908029e-01	9.999999999691033814e-01	1.070191262499218513e-10
2.828427124746190138e-02	4.534448166559458071e-05	4.534448166559458749e-05	5.872588607834340613e-02	4.999999999761925995e-01	9.999999999756877811e-01	4.761529407346061475e-11
3.111269837220809187e-02	4.555074461464280166e-05	4.555074461464281521e-05	5.415834681532001593e-02	4.999999999724432653e-01	9.999999999798427908e-01	5.511358334784514909e-11
3.394112549695427888e-02	4.576137371956957753e-05	4.576137371956957075e-05	5.068343841517060355e-02	4.999999999870985423e-01	9.999999999826277852e-01	2.580332407815054141e-11
3.676955262170047284e-02	4.597956632581208682e-05	4.597956632581208682e-05	4.798139037726351780e-02	4.999999999722905542e-01	9.999999999845848864e-01	5.541939094820106305e-11
3.959797974644665985e-02	4.620742946144234685e-05	4.620742946144236040e-05	4.584145939695392913e-02	4.999999999953356755e-01	9.999999999860105238e-01	9.328622331948916950e-12
4.242640687119285381e-02	4.644639686912206770e-05	4.644639686912206770e-05	4.412022658202800068e-02	4.999999999851975074e-01	9.999999999870777811e-01	2.960528969156119385e-11
4.525483399593904082e-02	4.669747129675538291e-05	4.669747129675539646e-05	4.271736862433727494e-02	4.999999999931158401e-01	9.999999999878953494e-01	1.376843632165962592e-11
4.808326112068522784e-02	4.696137091586649555e-05	4.696137091586650232e-05	4.156101610045873779e-02	4.999999999904378156e-01	9.999999999885319513e-01	1.912495266273784344e-11
5.091168824543142180e-02	4.723862086447724526e-05	4.723862086447721815e-05	4.059859926696503946e-02	5.000000000017621460e-01	9.999999999890331059e-01	-3.524069854595796765e-12
5.374011537017760881e-02	4.752961220556797697e-05	4.752961220556795665e-05	3.979095226291771981e-02	4.999999999889494506e-01	9.999999999894342295e-01	2.210096114370793821e-11
5.656854249492380277e-02	4.783464090516582857e-05	4.783464090516584890e-05	3.910841532853667757e-02	4.999999999910355042e-01	9.999999999897565273e-01	1.793074583079736936e-11
5.939696961966998978e-02	4.815393420605070473e-05	4.815393420605069117e-05	3.852819744997246915e-02	4.999999999938072870e-01	9.999999999900113234e-01	1.238532045026982591e-11
6.222539674441618374e-02	4.848766884653665278e-05	4.848766884653663923e-05	3.803255448606157607e-02	4.999999999947651874e-01	9.999999999902182690e-01	1.046993303533803355e-11
6.505382386916237769e-02	4.883598388269402179e-05	4.883598388269402179e-05	3.760750694648540976e-02	4.999999999911310389e-01	9.999999999903851355e-01	1.773849918767859663e-11
6.788225099390855777e-02	4.919898986562590081e-05	4.919898986562592792e-05	3.724192225907883153e-02	4.999999999927437488e-01	9.999999999905168080e-01	1.451261320136452623e-11
7.071067811865475172e-02	4.957677551116420499e-05	4.957677551116420499e-05	3.692684779127884676e-02	4.999999999895433644e-01	9.999999999906162840e-01	2.091292492735656297e-11
7.353910524340094568e-02	4.996941261534836455e-05	4.996941261534837132e-05	3.665501929315505281e-02	4.999999999787578253e-01	9.999999999906913351e-01	4.248545984760563011e-11
7.636753236814712575e-02	5.037695972351069853e-05	5.037695972351068498e-05	3.642049397567581615e-02	4.999999999951427188e-01	9.999999999907444037e-01	9.713189153495851514e-12
7.919595949289331971e-02	5.079946490139509009e-05	5.079946490139507654e-05	3.621837338335054390e-02	5.000000000115680798e-01	9.999999999907790427e-01	-2.313616915530608643e-11
8.202438661763951366e-02	5.123696785101928143e-05	5.123696785101927465e-05	3.604459179577734762e-02	4.999999999898420699e-01	9.999999999907949189e-01	2.031579678103396438e-11
8.485281374238570762e-02	5.168950154223492737e-05	5.168950154223493415e-05	3.589575305150700946e-02	4.999999999962991271e-01	9.999999999907996928e-01	7.401806307436368880e-12
8.768124086713188770e-02	5.215709348282569682e-05	5.215709348282570359e-05	3.576900352224826607e-02	4.999999999964372388e-01	9.999999999907865922e-01	7.126116945382381955e-12
9.050966799187808165e-02	5.263976671567926964e-05	5.263976671567926964e-05	3.566193237627551804e-02	4.999999999972902787e-01	9.999999999907633885e-01	5.419847645802698194e-12
9.333809511662427560e-02	5.313754060806676548e-05	5.313754060806677226e-05	3.557249263049313409e-02	4.999999999802953732e-01	9.999999999907241977e-01	3.940870091839308390e-11
9.616652224137045568e-02	5.365043148113132467e-05	5.365043148113133144e-05	3.549893818221887265e-02	4.999999999968374742e-01	9.999999999906789006e-01	6.325148782784839146e-12
9.899494936611664964e-02	5.417845311533756383e-05	5.417845311533756383e-05	3.543977323992369283e-02	4.999999999999611422e-01	9.999999999906208359e-01	7.841296928977316537e-14
1.018233764908628436e-01	5.472161715926104685e-05	5.472161715926106041e-05	3.539371142405057374e-02	5.000000000007575052e-01	9.999999999905544446e-01	-1.516499298904896324e-12
1.046518036156090375e-01	5.527993346204341081e-05	5.527993346204340404e-05	3.535964249715307928e-02	4.999999999931445394e-01	9.999999999904735093e-01	1.371183886823838942e-11
1.074802307403552176e-01	5.585341034547498828e-05	5.585341034547498150e-05	3.533660513178182860e-02	5.000000000018733903e-01	9.999999999903892434e-01	-3.745722931698490415e-12
1.103086578651014116e-01	5.644205482785602008e-05	5.644205482785602008e-05	3.532376449929815893e-02	4.999999999988610222e-01	9.999999999902929870e-01	2.277858064230425735e-12
1.131370849898476055e-01	5.704587280910496555e-05	5.704587280910497233e-05	3.532039373133149390e-02	4.999999999948611662e-01	9.999999999901884040e-01	1.027818292555212630e-11
1.159655121145937856e-01	5.766486922470974257e-05	5.766486922470971546e-05	3.532585850106044478e-02	5.000000000002118306e-01	9.999999999900729408e-01	-4.239228596941619745e-13
1.187939392393399796e-01	5.829904817415631991e-05	5.829904817415631991e-05	3.533960414965781061e-02	4.999999999958089081e-01	9.999999999899507053e-01	8.381401890700311394e-12
1.216223663640861735e-01	5.894841302871675658e-05	5.894841302871677691e-05	3.536114488065519174e-02	4.999999999994670929e-01	9.999999999898208092e-01	1.066546901004753997e-12
1.244507934888323675e-01	5.961296652218090451e-05	5.961296652218089773e-05	3.539005465722531996e-02	4.999999999982512877e-01	9.999999999896810321e-01	3.497297858516032032e-12
1.272792206135785475e-01	6.029271082753149115e-05	6.029271082753147082e-05	3.542595950225287810e-02	4.999999999973788745e-01	9.999999999895297087e-01	5.242544404928674608e-12
1.301076477383247554e-01	6.098764762208037037e-05	6.098764762208036359e-05	3.546853095722974497e-02	4.999999999986999288e-01	9.999999999893727232e-01	2.600372524714569777e-12
1.329360748630709355e-01	6.169777814281506467e-05	6.169777814281506467e-05	3.551748051124854755e-02	5.000000000278999046e-01	9.999999999892051905e-01	-5.579761943688049985e-11
1.357645019878171155e-01	6.242310323378504088e-05	6.242310323378505443e-05	3.557255483326482448e-02	4.999999999969104714e-01	9.999999999890298863e-01	6.180558997047269245e-12
1.385929291125633234e-01	6.316362338658092679e-05	6.316362338658094034e-05	3.563353168631699236e-02	4.999999999986365351e-01	9.999999999888412594e-01	2.727646877537700260e-12
1.414213562373095034e-01	6.391933877521811976e-05	6.391933877521810620e-05	3.570021640718820666e-02	4.999999999980531684e-01	9.999999999886458601e-01	3.893933520889847542e-12
1.442497833620556835e-01	6.469024928612541222e-05	6.469024928612537157e-05	3.577243887058547539e-02	4.999999999993536837e-01	9.999999999884399138e-01	1.292181330165920449e-12
1.470782104868018914e-01	6.547635454403541433e-05	6.547635454403542788e-05	3.585005086219992393e-02	4.999999999977471909e-01	9.999999999882228652e-01	4.503889519650326756e-12
1.499066376115480714e-01	6.627765393443801499e-05	6.627765393443801499e-05	3.593292379770082062e-02	4.999999999990442645e-01	9.999999999879948254e-01	1.911231877879395515e-12
1.527350647362942515e-01	6.709414662296995537e-05	6.709414662296998247e-05	3.602094674134784236e-02	5.000000000011366463e-01	9.999999999877546841e-01	-2.273009860557575294e-12
1.555634918610404593e-01	6.792583157237024657e-05	6.792583157237021946e-05	3.611402467538173122e-02	5.000000000048626658e-01	9.999999999875054391e-01	-9.725780548644107692e-12
1.583919189857866394e-01	6.877270755709445594e-05	6.877270755709444239e-05	3.621207699246990763e-02	4.999999999980413445e-01	9.999999999872447587e-01	3.917301146131567623e-12
1.612203461105328195e-01	6.963477317617464591e-05	6.963477317617470012e-05	3.631503617201517486e-02	4.999999999975908160e-01	9.999999999869713108e-01	4.817980345040951087e-12
1.640487732352790273e-01	7.051202686432519562e-05	7.051202686432516851e-05	3.642284662285830144e-02	5.000000000008845147e-01	9.999999999866823197e-01	-1.768390472762756921e-12
1.668772003600252074e-01	7.140446690171254674e-05	7.140446690171254674e-05	3.653546366476879276e-02	5.000000000014056534e-01	9.999999999863826705e-01	-2.811056880764015190e-12
1.697056274847714152e-01	7.231209142244010189e-05	7.231209142244010189e-05	3.665285263353985912e-02	5.000000000016968649e-01	9.999999999860680333e-01	-3.395429431367470226e-12
1.725340546095175953e-01	7.323489842196245986e-05	7.323489842196241920e-05	3.677498809304641930e-02	5.000000000041552317e-01	9.999999999857387412e-01	-8.310076932656422433e-12
1.753624817342637754e-01	7.417288576356216839e-05	7.417288576356216839e-05	3.690185314033484626e-02	4.999999999996588285e-01	9.999999999853944610e-01	6.825800013490159692e-13
1.781909088590099832e-01	7.512605118399088221e-05	7.512605118399084156e-05	3.703343879272132100e-02	4.999999999979226617e-01	9.999999999850360810e-01	4.154771352257224479e-12
1.810193359837561633e-01	7.609439229836902183e-05	7.609439229836900828e-05	3.716974344714477074e-02	4.999999999996907474e-01	9.999999999846597154e-01	6.193086316530871028e-13
1.838477631085023434e-01	7.707790660447516183e-05	7.707790660447514828e-05	3.731077240191620070e-02	4.999999999997427058e-01	9.999999999842661413e-01	5.143563886375401276e-13
1.866761902332485512e-01	7.807659148640197424e-05	7.807659148640197424e-05	3.745653743586697948e-02	5.000000000001213474e-01	9.999999999838535825e-01	-2.426902344677522537e-13
1.895046173579947313e-01	7.909044421777576680e-05	7.909044421777576680e-05	3.760705643546074367e-02	5.000000000026096902e-01	9.999999999834228159e-01	-5.218989318253538121e-12
1.923330444827409114e-01	8.011946196447620420e-05	8.011946196447624485e-05	3.776235306691359123e-02	4.999999999956157293e-01	9.999999999829736197e-01	8.768061998889059324e-12
1.951614716074871192e-01	8.116364178695801852e-05	8.116364178695803207e-05	3.792245648722343543e-02	5.000000000016299184e-01	9.999999999825029962e-01	-3.259441016962417536e-12
1.979898987322332993e-01	8.222298064222502976e-05	8.222298064222501621e-05	3.808740108996266915e-02	4.999999999887140278e-01	9.999999999820086138e-01	2.257238831617286887e-11
2.008183258569795071e-01	8.329747538546933749e-05	8.329747538546929684e-05	3.825722628243659329e-02	4.999999999998879230e-01	9.999999999814945806e-01	2.246006345629127613e-13
2.036467529817256872e-01	8.438712277141863184e-05	8.438712277141861829e-05	3.843197629090439049e-02	4.999999999981294962e-01	9.999999999809545681e-01	3.740871012976281319e-12
2.064751801064718673e-01	8.549191945539558093e-05	8.549191945539556738e-05	3.861169999143793802e-02	5.000000000003135270e-01	9.999999999803893536e-01	-6.272903449465517360e-13
2.093036072312180751e-01	8.661186199419001737e-05	8.661186199419003092e-05	3.879645076261063058e-02	5.000000000003996803e-01	9.999999999797968275e-01	-7.991748983975454871e-13
2.121320343559642552e-01	8.774694684663168157e-05	8.774694684663168157e-05	3.898628636031763878e-02	5.000000000006343814e-01	9.999999999791753247e-01	-1.268556831667518593e-12
2.149604614807104352e-01	8.889717037404145316e-05	8.889717037404143961e-05	3.918126880987421456e-02	4.999999999979282683e-01	9.999999999785260663e-01	4.142805869096646871e-12
2.177888886054566431e-01	9.006252884042135738e-05	9.006252884042137094e-05	3.938146431661905533e-02	4.999999999999168443e-01	9.999999999778490523e-01	1.663291510443698204e-13
2.206173157302028232e-01	9.124301841254314446e-05	9.124301841254313090e-05	3.958694319101251774e-02	5.000000000026310065e-01	9.999999999771340686e-01	-5.260878233078511102e-12
2.234457428549490032e-01	9.243863515980670629e-05	9.243863515980670629e-05	3.979777978923302456e-02	4.999999999965979436e-01	9.999999999763862224e-01	6.803326069877113762e-12
2.262741699796952111e-01	9.364937505401311232e-05	9.364937505401315298e-05	4.001405246623088857e-02	5.000000000011861623e-01	9.999999999756020719e-01	-2.372741745078971316e-12
2.291025971044413911e-01	9.487523396895311415e-05	9.487523396895312770e-05	4.023584354165789939e-02	4.999999999991536215e-01	9.999999999747816171e-01	1.692420958271398508e-12
2.319310242291875712e-01	9.611620767990051138e-05	9.611620767990052493e-05	4.046323927671031939e-02	4.999999999994190203e-01	9.999999999739185297e-01	1.161740431466028135e-12
2.347594513539337790e-01	9.737229186292198921e-05	9.737229186292194855e-05	4.069632986279362458e-02	5.000000000046342929e-01	9.999999999730131428e-01	-9.268872770685763837e-12
2.375878784786799591e-01	9.864348209416529904e-05	9.864348209416533969e-05	4.093520941858193318e-02	4.999999999989116484e-01	9.999999999720634580e-01	2.176282979656624762e-12
2.404163056034261670e-01	9.992977384894503206e-05	9.992977384894500496e-05	4.117997599800730935e-02	5.000000000027760017e-01	9.999999999710662557e-01	-5.551680037190701144e-12
2.432447327281723470e-01	1.012311625007418058e-04	1.012311625007418058e-04	4.143073160687109346e-02	4.999999999995627387e-01	9.999999999700164288e-01	8.743628364129517370e-13
2.460731598529185271e-01	1.025476433201547217e-04	1.025476433201547217e-04	4.168758222743149805e-02	5.000000000000602851e-01	9.999999999689146435e-01	-1.195419293660790071e-13
2.489015869776647349e-01	1.038792114736787777e-04	1.038792114736788048e-04	4.195063785194794864e-02	4.999999999993406385e-01	9.999999999677539053e-01	1.318846855809942522e-12
2.517300141024109150e-01	1.052258620224271363e-04	1.052258620224270956e-04	4.222001252378720926e-02	5.000000000006582512e-01	9.999999999665358796e-01	-1.315122440986104575e-12
2.545584412271570951e-01	1.065875899207373827e-04	1.065875899207373691e-04	4.249582438632409226e-02	4.999999999995593525e-01	9.999999999652576799e-01	8.810283417657936255e-13
2.573868683519032752e-01	1.079643900147154003e-04	1.079643900147154680e-04	4.277819573898476724e-02	5.000000000007932544e-01	9.999999999639080928e-01	-1.585266183729524157e-12
2.602152954766495108e-01	1.093562570406272010e-04	1.093562570406271875e-04	4.306725310116336913e-02	5.000000000001735279e-01	9.999999999624876734e-01	-3.459906828626746467e-13
2.630437226013956908e-01	1.107631856232736792e-04	1.107631856232736792e-04	4.336312728253582244e-02	5.000000000024651392e-01	9.999999999609953116e-01	-4.930541171177795474e-12
2.658721497261418709e-01	1.121851702742372801e-04	1.121851702742372801e-04	4.366595346083507190e-02	5.000000000000236478e-01	9.999999999594204603e-01	-4.765310635039213491e-14
2.687005768508880510e-01	1.136222053899976569e-04	1.136222053899976569e-04	4.397587126697399817e-02	5.000000000014288570e-01	9.999999999577582344e-01	-2.858878205314010004e-12
2.715290039756342311e-01	1.150742852500554993e-04	1.150742852500555400e-04	4.429302487624340451e-02	5.000000000010198509e-01	9.999999999560086339e-01	-2.039377421055915060e-12
2.743574311003804111e-01	1.165414040148635507e-04	1.165414040148635236e-04	4.461756310733755448e-02	4.999999999988203325e-01	9.999999999541619999e-01	2.358520231549118146e-12
2.771858582251266467e-01	1.180235557237279586e-04	1.180235557237278908e-04	4.494963952799701373e-02	5.000000000000901501e-01	9.999999999522170002e-01	-1.802689605105897375e-13
2.800142853498728268e-01	1.195207342926051213e-04	1.195207342926051213e-04	4.528941256764049822e-02	5.000000000004557466e-01	9.999999999501584247e-01	-9.116577635632371745e-13
2.828427124746190069e-01	1.210329335117861987e-04	1.210329335117862122e-04	4.563704563742273373e-02	5.000000000030450087e-01	9.999999999479870505e-01	-6.090255756637133164e-12
2.856711395993651870e-01	1.225601470435242943e-04	1.225601470435241859e-04	4.599270725722625491e-02	5.000000000003134160e-01	9.999999999456914423e-01	-6.263403666985952572e-13
2.884995667241113670e-01	1.241023684195032234e-04	1.241023684195032505e-04	4.635657119053971514e-02	5.000000000009843237e-01	9.999999999432647169e-01	-1.968270776800302155e-12
2.913279938488576026e-01	1.256595910382733608e-04	1.256595910382733337e-04	4.672881658632657004e-02	5.000000000000129896e-01	9.999999999407016560e-01	-2.502232042518811634e-14
2.941564209736037827e-01	1.272318081625432905e-04	1.272318081625432634e-04	4.710962812912240782e-02	5.000000000001788569e-01	9.999999999379860505e-01	-3.567208807097897914e-13
2.969848480983499628e-01	1.288190129164072163e-04	1.288190129164071621e-04	4.749919619664962761e-02	4.999999999993468558e-01	9.999999999351150137e-01	1.307329152981206141e-12
2.998132752230961429e-01	1.304211982824029245e-04	1.304211982824029245e-04	4.789771702612287407e-02	5.000000000049963367e-01	9.999999999320740018e-01	-9.992184117535926754e-12
3.026417023478423229e-01	1.320383570985352430e-04	1.320383570985352159e-04	4.830539288856113694e-02	4.999999999988446464e-01	9.999999999288530228e-01	2.310329233720198469e-12
3.054701294725885030e-01	1.336704820551381969e-04	1.336704820551382240e-04	4.872243227207803673e-02	5.000000000005446754e-01	9.999999999254380878e-01	-1.090087324577017199e-12
3.082985565973347386e-01	1.353175656916322960e-04	1.353175656916322960e-04	4.914905007423570060e-02	4.999999999989960253e-01	9.999999999218156521e-01	2.008536513038439900e-12
3.111269837220809187e-01	1.369796003931940279e-04	1.369796003931940821e-04	4.958546780340742505e-02	4.999999999997571942e-01	9.999999999179763899e-01	4.859382018875230817e-13
3.139554108468270988e-01	1.386565783872297072e-04	1.386565783872296530e-04	5.003191379070044686e-02	4.999999999997855604e-01	9.999999999138977635e-01	4.305105363241617067e-13
3.167838379715732788e-01	1.403484917398270721e-04	1.403484917398270992e-04	5.048862341093573319e-02	4.999999999998600009e-01	9.999999999095691150e-01	2.802232638774145590e-13
3.196122650963194589e-01	1.420553323519730717e-04	1.420553323519730988e-04	5.095583931512200765e-02	5.000000000012176926e-01	9.999999999049692390e-01	-2.435599243086068419e-12
3.224406922210656390e-01	1.437770919557134050e-04	1.437770919557133779e-04	5.143381167340542459e-02	4.999999999916656113e-01	9.999999999000784845e-01	1.666961668034518125e-11
3.252691193458118746e-01	1.455137621101158471e-04	1.455137621101158199e-04	5.192279842975983800e-02	4.999999999949742979e-01	9.999999998948806423e-01	1.005010768263715518e-11
3.280975464705580547e-01	1.472653341971372697e-04	1.472653341971372968e-04	5.242306556852146388e-02	5.000000000005841994e-01	9.999999998893479569e-01	-1.168463291822082244e-12
3.309259735953042347e-01	1.490317994173008737e-04	1.490317994173009008e-04	5.293488739363318846e-02	5.000000000003481659e-01	9.999999998834580017e-01	-6.958077921683246251e-13
3.337544007200504148e-01	1.508131487852573292e-04	1.508131487852572750e-04	5.345854682083051035e-02	4.999999999910694215e-01	9.999999998771830212e-01	1.786251720144474455e-11
3.365828278447965949e-01	1.526093731251132739e-04	1.526093731251132468e-04	5.399433568404077982e-02	5.000000000002428058e-01	9.999999998704991455e-01	-4.853693152587295235e-13
3.394112549695428305e-01	1.544204630656797702e-04	1.544204630656797431e-04	5.454255505572357110e-02	4.999999999997391531e-01	9.999999998633704035e-01	5.197280810391690606e-13
3.422396820942890105e-01	1.562464090354938112e-04	1.562464090354938383e-04	5.510351558258397286e-02	4.999999999996693756e-01	9.999999998557673742e-01	6.613107241787972121e-13
3.450681092190351906e-01	1.580872012576385718e-04	1.580872012576385447e-04	5.567753783752359825e-02	5.000000000001368905e-01	9.999999998476495344e-01	-2.738583279114238243e-13
3.478965363437813707e-01	1.599428297444425008e-04	1.599428297444425008e-04	5.626495268767225943e-02	5.000000000000902611e-01	9.999999998389814682e-01	-1.905740689691030906e-13
3.507249634685275508e-01	1.618132842919018592e-04	1.618132842919018863e-04	5.686610168072859378e-02	4.999999999995788924e-01	9.999999998297199877e-01	8.411275753353898155e-13
3.535533905932737309e-01	1.636985544739461853e-04	1.636985544739461040e-04	5.748133744936655826e-02	4.999999999999005240e-01	9.999999998198153550e-01	1.994922054746853410e-13
3.563818177180199664e-01	1.655986296364888710e-04	1.655986296364889252e-04	5.811102413521194998e-02	5.000000000006999956e-01	9.999999998092219400e-01	-1.400729926844552774e-12
3.592102448427661465e-01	1.675134988912098583e-04	1.675134988912098312e-04	5.875553783365831256e-02	4.999999999985126342e-01	9.999999997978819000e-01	2.974720106779326457e-12
3.620386719675123266e-01	1.694431511091581694e-04	1.694431511091581423e-04	5.941526705994486929e-02	4.999999999994699240e-01	9.999999997857387246e-01	1.059502510564709695e-12
3.648670990922585067e-01	1.713875749140709439e-04	1.713875749140709168e-04	6.009061323839250818e-02	4.999999999903360637e-01	9.999999997727243572e-01	1.932646263556019031e-11
3.676955262170046868e-01	1.733467586754557413e-04	1.733467586754556329e-04	6.078199121559296064e-02	5.000000000018024471e-01	9.999999997587707412e-01	-3.605548839134400096e-12
3.705239533417509223e-01	1.753206905013875356e-04	1.753206905013875085e-04	6.148982979918522773e-02	4.999999999985173527e-01	9.999999997438002719e-01	2.964648284518556846e-12
3.733523804664971024e-01	1.773093582310519790e-04	1.773093582310519519e-04	6.221457232340490279e-02	5.000000000008716361e-01	9.999999997277286834e-01	-1.743750614110017465e-12
3.761808075912432825e-01	1.793127494269700464e-04	1.793127494269699379e-04	6.295667724319678471e-02	4.999999999984846566e-01	9.999999997104638272e-01	3.030713899805534147e-12
3.790092347159894626e-01	1.813308513669301342e-04	1.813308513669300800e-04	6.371661875834895572e-02	5.000000000002882139e-01	9.999999996919098910e-01	-5.763131380998330592e-13
3.818376618407356426e-01	1.833636510355919180e-04	1.833636510355918909e-04	6.449488746949247342e-02	4.999999999997181699e-01	9.999999996719541873e-01	5.641317216631263747e-13
3.846660889654818227e-01	1.854111351157608555e-04	1.854111351157608555e-04	6.529199106780453343e-02	4.999999999987306820e-01	9.999999996504757016e-01	2.538133569856230932e-12
3.874945160902280583e-01	1.874732899793114360e-04	1.874732899793115173e-04	6.610845506040749497e-02	4.999999999902818293e-01	9.999999996273486458e-01	1.943736516230315690e-11
3.903229432149742384e-01	1.895501016777054258e-04	1.895501016777053987e-04	6.694482353353881088e-02	5.000000000004728440e-01	9.999999996024262483e-01	-9.452504980889786480e-13
3.931513703397204185e-01	1.916415559322042872e-04	1.916415559322042059e-04	6.780165995621659225e-02	4.999999999979271581e-01	9.999999995755550763e-01	4.146381841754959515e-12
3.959797974644665985e-01	1.937476381235687429e-04	1.937476381235687700e-04	6.867954802596597241e-02	4.999999999997312705e-01	9.999999995465600477e-01	5.379624626712131285e-13
3.988082245892127786e-01	1.958683332814134558e-04	1.958683332814135372e-04	6.957909256017687227e-02	4.999999999946527773e-01	9.999999995152575316e-01	1.069431595791897411e-11
4.016366517139590142e-01	1.980036260730714593e-04	1.980036260730713509e-04	7.050092043535498287e-02	4.999999999991202593e-01	9.999999994814365856e-01	1.761224144880703402e-12
4.044650788387051943e-01	2.001535007919969889e-04	2.001535007919970160e-04	7.144568157745725956e-02	4.999999999917182358e-01	9.999999994448705021e-01	1.656308679502225369e-11
4.072935059634513744e-01	2.023179413456747033e-04	2.023179413456747033e-04	7.241405000648164225e-02	4.999999999995567990e-01	9.999999994053114794e-01	8.861907280433195492e-13
4.101219330881975544e-01	2.044969312429930665e-04	2.044969312429930665e-04	7.340672493895231132e-02	4.999999999999444888e-01	9.999999993624801853e-01	1.120104645928064395e-13
4.129503602129437345e-01	2.066904535810833252e-04	2.066904535810834065e-04	7.442443195178014004e-02	5.000000000003733680e-01	9.999999993160777478e-01	-7.465958437693604826e-13
4.157787873376899146e-01	2.088984910315640740e-04	2.088984910315640740e-04	7.546792421178967480e-02	5.000000000000801581e-01	9.999999992657718773e-01	-1.609745413893289876e-13
4.186072144624361502e-01	2.111210258261878546e-04	2.111210258261878275e-04	7.653798377501520867e-02	4.999999999988122279e-01	9.999999992111904268e-01	2.376008460862901335e-12
4.214356415871823303e-01	2.133580397418443091e-04	2.133580397418443091e-04	7.763542296050340852e-02	5.000000000001653122e-01	9.999999991519268328e-01	-3.293780270465218050e-13
4.242640687119285103e-01	2.156095140848430971e-04	2.156095140848430429e-04	7.876108580387515545e-02	5.000000000004447553e-01	9.999999990875351186e-01	-8.909812490054043936e-13
4.270924958366746904e-01	2.178754296745570259e-04	2.178754296745571072e-04	7.991584959539216326e-02	5.000000000008457679e-01	9.999999990175172382e-01	-1.691775510059554379e-12
4.299209229614208705e-01	2.201557668262260614e-04	2.201557668262260614e-04	8.110062650921019689e-02	5.000000000003050893e-01	9.999999989413203005e-01	-6.103564008983857760e-13
4.327493500861670506e-01	2.224505053330435168e-04	2.224505053330434084e-04	8.231636532921875193e-02	4.999999999999026890e-01	9.999999988583443411e-01	1.950623295097877990e-13
4.355777772109132862e-01	2.247596244472858929e-04	2.247596244472858387e-04	8.356405327937679872e-02	4.999999999998274158e-01	9.999999987679093483e-01	3.449204026884031664e-13
4.384062043356594662e-01	2.270831028606728271e-04	2.270831028606728813e-04	8.484471796445586245e-02	4.999999999931746264e-01	9.999999986692700293e-01	1.365077983883528360e-11
4.412346314604056463e-01	2.294209186836887286e-04	2.294209186836886202e-04	8.615942943047567859e-02	4.999999999999478195e-01	9.999999985615906084e-01	1.054526583155037539e-13
4.440630585851518264e-01	2.317730494239515359e-04	2.317730494239515630e-04	8.750930235251279388e-02	5.000000000010718093e-01	9.999999984439581491e-01	-2.143832521858017863e-12
4.468914857098980065e-01	2.341394719634674556e-04	2.341394719634674014e-04	8.889549835991654436e-02	4.999999999996039834e-01	9.999999983153358141e-01	7.926799623122810833e-13
4.497199128346442421e-01	2.365201625348362221e-04	2.365201625348362492e-04	9.031922850811061054e-02	4.999999999997997713e-01	9.999999981745874011e-01	4.013177209038174090e-13
4.525483399593904221e-01	2.389150966961737989e-04	2.389150966961738260e-04	9.178175590910589432e-02	4.999999999999684142e-01	9.999999980204372640e-01	6.365624601461332411e-14
4.553767670841366022e-01	2.413242493048333240e-04	2.413242493048332969e-04	9.328439853149421424e-02	4.999999999993406941e-01	9.999999978514664267e-01	1.318186102669301972e-12
4.582051942088827823e-01	2.437475944897345354e-04	2.437475944897346438e-04	9.482853218373361870e-02	4.999999999999361067e-01	9.999999976660892687e-01	1.274268965701172197e-13
4.610336213336289624e-01	2.461851056222950375e-04	2.461851056222949291e-04	9.641559369420556191e-02	5.000000000000476286e-01	9.999999974625349841e-01	-9.543208483789945936e-14
4.638620484583751424e-01	2.486367552858034053e-04	2.486367552858035138e-04	9.804708430382119699e-02	4.999999999996296296e-01	9.999999972388207148e-01	7.396985709943166468e-13
4.666904755831213780e-01	2.511025152431945818e-04	2.511025152431945275e-04	9.972457328749088912e-02	4.999999999998642752e-01	9.999999969927311216e-01	2.713260981593841828e-13
4.695189027078675581e-01	2.535823564030804684e-04	2.535823564030804142e-04	1.014497018230848535e-01	5.000000000000779377e-01	9.999999967217778618e-01	-1.559906467785273293e-13
4.723473298326137382e-01	2.560762487839617942e-04	2.560762487839616857e-04	1.032241871273255895e-01	4.999999999972640774e-01	9.999999964231689464e-01	5.472440825687808077e-12
4.751757569573599183e-01	2.585841614764225276e-04	2.585841614764226360e-04	1.050498268809728214e-01	4.999999999994336197e-01	9.999999960937788757e-01	1.132303995613355207e-12
4.780041840821060983e-01	2.611060626033006259e-04	2.611060626033006801e-04	1.069285039663743775e-01	4.999999999997588596e-01	9.999999957300794717e-01	4.825212510113455929e-13
4.808326112068523339e-01	2.636419192775577274e-04	2.636419192775576732e-04	1.088621915441359556e-01	4.999999999987722599e-01	9.999999953281086817e-01	2.456577833319385950e-12
4.836610383315985140e-01	2.661916975577708093e-04	2.661916975577708093e-04	1.108529584970621984e-01	5.000000000005470069e-01	9.999999948834003005e-01	-1.092576036856610912e-12
4.864894654563446941e-01	2.687553624010823126e-04	2.687553624010824210e-04	1.129029752728756275e-01	5.000000000000367484e-01	9.999999943909193556e-01	-7.383921166857076304e-14
4.893178925810908741e-01	2.713328776133533513e-04	2.713328776133533513e-04	1.150145201603226253e-01	5.000000000003798073e-01	9.999999938449756209e-01	-7.604632307764259931e-13
4.921463197058370542e-01	2.739242057964284978e-04	2.739242057964285521e-04	1.171899860362520390e-01	5.000000000004225509e-01	9.999999932391345769e-01	-8.453179927507417173e-13
4.949747468305832343e-01	2.765293082922168095e-04	2.765293082922167011e-04	1.194318876257678130e-01	5.000000000001083578e-01	9.999999925661223754e-01	-2.164992539664317162e-13
4.978031739553294699e-01	2.791481451233820119e-04	2.791481451233820119e-04	1.217428693212602997e-01	5.000000000000366374e-01	9.999999918176860625e-01	-7.259282458229258369e-14
5.006316010800756500e-01	2.817806749303972992e-04	2.817806749303972992e-04	1.241257136113112364e-01	4.999999999993909316e-01	9.999999909844706769e-01	1.217645234106525307e-12
5.034600282048218300e-01	2.844268549046882234e-04	2.844268549046881692e-04	1.265833501754043688e-01	5.000000000001360023e-01	9.999999900558416144e-01	-2.730926402774930743e-13
5.062884553295680101e-01	2.870866407175464916e-04	2.870866407175466542e-04	1.291188657068343126e-01	4.999999999996114219e-01	9.999999890197064367e-01	7.785589429485919025e-13
5.091168824543141902e-01	2.897599864445203621e-04	2.897599864445202537e-04	1.317355145324418386e-01	4.999999999992086885e-01	9.999999878622933824e-01	1.583135282714225562e-12
5.119453095790603703e-01	2.924468444848785358e-04	2.924468444848786442e-04	1.344367301058145558e-01	5.000000000005724310e-01	9.999999865678954603e-01	-1.145432614808170144e-12
5.147737367038065504e-01	2.951471654757906204e-04	2.951471654757904036e-04	1.372261374586078164e-01	5.000000000002425837e-01	9.999999851185783495e-01	-4.865635720456476439e-13
5.176021638285527304e-01	2.978608982008146126e-04	2.978608982008146126e-04	1.401075667044579809e-01	4.999999999954131691e-01	9.999999834938266829e-01	9.174098794867047001e-12
5.204305909532990215e-01	3.005879894921564517e-04	3.005879894921563975e-04	1.430850677007796112e-01	5.000000000001557643e-01	9.999999816701641286e-01	-3.113536902810539100e-13
5.232590180780452016e-01	3.033283841262529481e-04	3.033283841262530024e-04	1.461629259857515073e-01	4.999999999982749910e-01	9.999999796206519020e-01	3.450167215557223230e-12
5.260874452027913817e-01	3.060820247120733177e-04	3.060820247120732635e-04	1.493456801216252183e-01	4.999999999999216183e-01	9.999999773143707360e-01	1.537671136241114008e-13
5.289158723275375618e-01	3.088488515715509812e-04	3.088488515715509812e-04	1.526381405911138578e-01	5.000000000002811085e-01	9.999999747157456431e-01	-5.652500026257449444e-13
5.317442994522837418e-01	3.116288026113959021e-04	3.116288026113959021e-04	1.560454104116231755e-01	4.999999999998250844e-01	9.999999717838106150e-01	3.506369515688628037e-13
5.345727265770299219e-01	3.144218131856287555e-04	3.144218131856287013e-04	1.595729076516559930e-01	4.999999999954129470e-01	9.999999684712971293e-01	9.174249956398460124e-12
5.374011537017761020e-01	3.172278159479091772e-04	3.172278159479092856e-04	1.632263900575645632e-01	5.000000000001981748e-01	9.999999647235955358e-01	-3.956503458903708627e-13
5.402295808265222821e-01	3.200467406927933866e-04	3.200467406927933866e-04	1.670119820244498066e-01	4.999999999952864926e-01	9.999999604774967299e-01	9.428015955537418574e-12
5.430580079512684621e-01	3.228785141848433248e-04	3.228785141848433790e-04	1.709362041757389317e-01	4.999999999989592214e-01	9.999999556597249928e-01	2.081535541571091243e-12
5.458864350760146422e-01	3.257230599745194219e-04	3.257230599745193135e-04	1.750060058497295568e-01	5.000000000003324008e-01	9.999999501851916106e-01	-6.693632026515049532e-13
5.487148622007608223e-01	3.285802981995279248e-04	3.285802981995279248e-04	1.792288008319757875e-01	4.999999999993876565e-01	9.999999439549056568e-01	1.224153243633677165e-12
5.515432893255071134e-01	3.314501453702560952e-04	3.314501453702559867e-04	1.836125067174500525e-01	5.000000000002408074e-01	9.999999368535070765e-01	-4.840021158284511574e-13
5.543717164502532935e-01	3.343325141376943970e-04	3.343325141376942886e-04	1.881655883396403661e-01	5.000000000000059952e-01	9.999999287463200437e-01	-1.129926679290434691e-14
5.572001435749994736e-01	3.372273130421131753e-04	3.372273130421132837e-04	1.928971057644706388e-01	4.999999999998345768e-01	9.999999194757918097e-01	3.306651293924541158e-13
5.600285706997456536e-01	3.401344462405476803e-04	3.401344462405476261e-04	1.978167674179992508e-01	5.000000000000149880e-01	9.999999088572855133e-01	-2.942382488149817470e-14
5.628569978244918337e-01	3.430538132108228015e-04	3.430538132108228015e-04	2.029349889993610767e-01	5.000000000000579536e-01	9.999998966739708228e-01	-1.163931831479987226e-13
5.656854249492380138e-01	3.459853084297300949e-04	3.459853084297300949e-04	2.082629589261612013e-01	4.999999999999900080e-01	9.999998826706916200e-01	2.084298238593107170e-14
5.685138520739841939e-01	3.489288210225199665e-04	3.489288210225198581e-04	2.138127111719010931e-01	5.000000000000246470e-01	9.999998665465708036e-01	-4.972154306992444920e-14
5.713422791987303739e-01	3.518842343805577214e-04	3.518842343805577214e-04	2.195972064868690343e-01	4.999999999997693512e-01	9.999998479460405765e-01	4.599572201570267508e-13
5.741707063234765540e-01	3.548514257436719195e-04	3.548514257436718110e-04	2.256304231479410449e-01	4.999999999997254418e-01	9.999998264479638133e-01	5.496578124441473876e-13
5.769991334482227341e-01	3.578302657430623831e-04	3.578302657430623289e-04	2.319274585659125976e-01	4.999999999996716515e-01	9.999998015523995365e-01	6.575010462388268958e-13
5.798275605729689142e-01	3.608206179003204598e-04	3.608206179003203514e-04	2.385046432935172545e-01	4.999999999998550049e-01	9.999997726644522800e-01	2.904352812036476184e-13
5.826559876977152053e-01	3.638223380772864627e-04	3.638223380772863543e-04	2.453796692340660390e-01	4.999999999999215627e-01	9.999997390744999048e-01	1.565958653843190130e-13
5.854844148224613853e-01	3.668352738708588055e-04	3.668352738708587513e-04	2.525717341540876792e-01	4.999999999997543632e-01	9.999996999339437753e-01	4.871070293692352753e-13
5.883128419472075654e-01	3.698592639459889232e-04	3.698592639459888148e-04	2.601017049673153281e-01	4.999999999986426413e-01	9.999996542253299925e-01	2.714350252510349557e-12
5.911412690719537455e-01	3.728941372990925845e-04	3.728941372990926388e-04	2.679923026926907537e-01	4.999999999991838195e-01	9.999996007254652319e-01	1.630783295793083735e-12
5.939696961966999256e-01	3.759397124429435548e-04	3.759397124429435006e-04	2.762683125134376971e-01	4.999999999998634981e-01	9.999995379597147460e-01	2.731779045937655584e-13
5.967981233214461056e-01	3.789957965028169619e-04	3.789957965028167451e-04	2.849568229962313737e-01	4.999999999997142841e-01	9.999994641451583899e-01	5.720861797903491905e-13
5.996265504461922857e-01	3.820621842119476864e-04	3.820621842119475238e-04	2.940874992984321978e-01	4.999999999998475664e-01	9.999993771196833414e-01	3.045485733829922956e-13
6.024549775709384658e-01	3.851386567925668236e-04	3.851386567925668236e-04	3.036928961240247804e-01	4.999999999995040079e-01	9.999992742531640388e-01	9.921466625692917851e-13
6.052834046956846459e-01	3.882249807064924708e-04	3.882249807064921997e-04	3.138088173336209818e-01	4.999999999999744649e-01	9.999991523357992795e-01	4.998335175665461882e-14
6.081118318204308260e-01	3.913209062565674171e-04	3.913209062565673629e-04	3.244747305178819485e-01	5.000000000001020295e-01	9.999990074371688520e-01	-2.038766075792541982e-13
6.109402589451770060e-01	3.944261660171163083e-04	3.944261660171163083e-04	3.357342465788047958e-01	4.999999999998980815e-01	9.999988347275525769e-01	2.034319039520528404e-13
6.137686860699231861e-01	3.975404730676799646e-04	3.975404730676799104e-04	3.476356765172322616e-01	4.999999999999582001e-01	9.999986282504635948e-01	8.038810984943578444e-14
6.165971131946694772e-01	4.006635189997691552e-04	4.006635189997691010e-04	3.602326803126526533e-01	4.999999999998729905e-01	9.999983806317284118e-01	2.533336853915713467e-13
6.194255403194156573e-01	4.037949716607833173e-04	4.037949716607832089e-04	3.735850261555981877e-01	5.000000000000240918e-01	9.999980827055571231e-01	-4.783435719772613154e-14
6.222539674441618374e-01	4.069344725924827432e-04	4.069344725924826890e-04	3.877594825538574486e-01	5.000000000002036149e-01	9.999977230316310362e-01	-4.066615340209339651e-13
6.250823945689080174e-01	4.100816341132095520e-04	4.100816341132094436e-04	4.028308712488361532e-01	4.999999999995360378e-01	9.999972872679668834e-01	9.290646379113934437e-13
6.279108216936541975e-01	4.132360359829327103e-04	4.132360359829327103e-04	4.188833158079663943e-01	5.000000000000064393e-01	9.999967573520525121e-01	-1.369162436225934241e-14
6.307392488184003776e-01	4.163972215778098023e-04	4.163972215778098023e-04	4.360117296882605742e-01	5.000000000001481038e-01	9.999961104252347299e-01	-2.965564303327429935e-13
6.335676759431465577e-01	4.195646934855206192e-04	4.195646934855205650e-04	4.543235991644423710e-01	4.999999999999838463e-01	9.999953174110666199e-01	3.148682471364049750e-14
6.363961030678927377e-01	4.227379084135901338e-04	4.227379084135902423e-04	4.739411316978614508e-01	4.999999999998245293e-01	9.999943411237797175e-01	3.502769655023056115e-13
6.392245301926389178e-01	4.259162712788041412e-04	4.259162712788039785e-04	4.950038603780738677e-01	4.999999999999350520e-01	9.999931337338916482e-01	1.285597589482729225e-13
6.420529573173850979e-01	4.290991283157765757e-04	4.290991283157765757e-04	5.176718218049026765e-01	4.999999999999720224e-01	9.999916333469049956e-01	5.570031260103723770e-14
6.448813844421312780e-01	4.322857590043203036e-04	4.322857590043203578e-04	5.421294607845368319e-01	4.999999999999302780e-01	9.999897593476633206e-01	1.388232784419299121e-13
6.477098115668775691e-01	4.354753665665097857e-04	4.354753665665096773e-04	5.685904642292631817e-01	5.000000000000162093e-01	9.999874060105122808e-01	-3.224031236294090880e-14
6.505382386916237492e-01	4.386670667214896137e-04	4.386670667214893969e-04	5.973037941704287812e-01	4.999999999998645528e-01	9.999844336480753215e-01	2.651461525391025163e-13
6.533666658163699292e-01	4.418598743048785080e-04	4.418598743048785080e-04	6.285612839969427768e-01	4.999999999999459321e-01	9.999806562279637268e-01	1.068759058328217823e-13
6.561950929411161093e-01	4.450526872536518627e-04	4.450526872536517001e-04	6.627072953106565301e-01	4.999999999999698019e-01	9.999758238601786919e-01	5.984028569681860239e-14
6.590235200658622894e-01	4.482442673181806525e-04	4.482442673181805982e-04	7.001511242629779863e-01	4.999999999999250599e-01	9.999695977382292433e-01	1.507646551730529666e-13
6.618519471906084695e-01	4.514332166788625144e-04	4.514332166788625686e-04	7.413831259887476710e-01	5.000000000000996980e-01	9.999615138187447627e-01	-2.011470980324634171e-13
6.646803743153546495e-01	4.546179493988561772e-04	4.546179493988561230e-04	7.869959422037002827e-01	4.999999999999113487e-01	9.999509294294992579e-01	1.770908899772242952e-13
6.675088014401008296e-01	4.577966563141864348e-04	4.577966563141864891e-04	8.377128500312767123e-01	4.999999999999714673e-01	9.999369435435330189e-01	5.442375033149124533e-14
6.703372285648470097e-01	4.609672615162024715e-04	4.609672615162023631e-04	8.944262350759201174e-01	4.999999999999911182e-01	9.999182756339912714e-01	1.549787342119339321e-14
6.731656556895931898e-01	4.641273679762835010e-04	4.641273679762833925e-04	9.582507655087428855e-01	4.999999999999288902e-01	9.998930779394428203e-01	6.737492677752910525e-14
6.759940828143393698e-01	4.672741890437021864e-04	4.672741890437021321e-04	1.030598435719727535e+00	5.000000000000268674e-01	9.998586379723461981e-01	-5.394851462167478862e-14
6.788225099390856609e-01	4.704044614520027528e-04	4.704044614520028070e-04	1.113287068134576341e+00	4.999999999999231726e-01	9.998108948603964263e-01	1.458658103937365055e-13
6.816509370638318410e-01	4.735143340539783472e-04	4.735143340539781846e-04	1.208701713295263547e+00	4.999999999999825695e-01	9.997436291934073127e-01	1.929375194206311940e-14
6.844793641885780211e-01	4.765992248455346828e-04	4.765992248455346828e-04	1.320043024450760827e+00	5.000000000000004441e-01	9.996470571938349536e-01	-3.878645815915088106e-15
6.873077913133242012e-01	4.796536374634497802e-04	4.796536374634497260e-04	1.451725597045498750e+00	4.999999999999641953e-01	9.995052850491096263e-01	5.504950546363090612e-14
6.901362184380703813e-01	4.826709293859512669e-04	4.826709293859513753e-04	1.610050605882841213e+00	4.999999999999897304e-01	9.992914499418850127e-01	1.588009058001567343e-14
6.929646455628165613e-01	4.856430354738684838e-04	4.856430354738684296e-04	1.804419457025247198e+00	4.999999999999702460e-01	9.989578012641752158e-01	2.867895121890277031e-14
6.957930726875627414e-01	4.885602031432528412e-04	4.885602031432528412e-04	2.049726856428267130e+00	4.999999999999976130e-01	9.984135615281912735e-01	-2.825200468535571385e-15
6.986214998123089215e-01	4.914110255479164045e-04	4.914110255479161877e-04	2.371711932016962621e+00	4.999999999999787947e-01	9.974688777682173546e-01	4.191325275536934500e-14
7.014499269370551016e-01	4.941842222518586783e-04	4.941842222518585698e-04	2.821496158611127125e+00	4.999999999999840128e-01	9.956624065414014790e-01	2.460700507288596239e-14
7.042783540618012816e-01	4.968821885753951307e-04	4.968821885753951307e-04	3.532032606482533588e+00	4.999999999999796829e-01	9.915016388840898198e-01	3.084617681164855641e-14
7.071067811865474617e-01	5.000056828383135426e-04	5.000056828383134342e-04	5.877845260726499710e+00	4.999999999999866773e-01	9.635868665452220760e-01	2.413097933279262364e-14
